0	0	0	0	0	0	0	0	0	0	0	0	0	0	0	0	0	0	0	0	0	0	0	0	0	0	0	0	0	0	0	0	0	0	0	0	0	0	0	0	0
0	0	0	0	0	0	0	0	0	0	0	0	0	0	0	0	0	0	0	0	0	0	0	0	0	0	0	0	0	0	0	0	0	0	0	0	0	0	0	0	0
0	0	0	0	0	0	0	0	0	0	0	0	0	0	0	0	0	0	0	0	0	0	0	0	0	0	0	0	0	0	0	0	0	0	0	0	0	0	0	0	0
0	0	0	0	0	0	0	0	0	0	0	0	0	0	0	0	0	0	0	0	0	0	0	0	0	0	0	0	0	0	0	0	0	0	0	0	0	0	0	0	0
0	0	0	0	0	0	0	0	0	0	0	0	0	0	0	0	0	0	0	0	0	0	0	0	0	0	0	0	0	0	0	0	0	0	0	0	0	0	0	0	0
0	0	0	0	0	0	0	0	0	0	0	0	0	0	0	0	0	0	0	0	0	0	0	0	0	0	0	0	0	0	0	0	0	0	0	0	0	0	0	0	0
0	0	0	0	0	0	0	0	0	0	0	0	0	0	0	0	0	0	0	0	0	0	0	0	0	0	0	0	0	0	0	0	0	0	0	0	0	0	0	0	0
0	0	0	0	0	0	0	0	0	0	0	0	0	0	0	0	0	0	0	0	0	0	0	0	0	0	0	0	0	0	0	0	0	0	0	0	0	0	0	0	0
0	0	0	0	0	0	0	0	0	0	0	0	0	0	0	0	0	0	0	0	0	0	0	0	0	0	0	0	0	0	0	0	0	0	0	0	0	0	0	0	0
0	0	0	0	0	0	0	0	0	0	0	0	0	0	0	0.0590855587	0.0423366528	0.0303355373	0.0217363623	0.0155747842	0.0111598205	0.00799636082	0.0057296429	0.00410546853	0.00294169675	0.00210781783	0.00151031747	0.00108218976	0.000775422844	0.000555614747	0.000398115363	0.000285262123	0.000204399243	0.000146458457	0.00010494207	7.51942791e-005	5.38790554e-005	3.86060302e-005	2.76624294e-005	1.98209968e-005	1.42023648e-005
0	0	0	0	0	0	0	0	0	0	0	0	0	0	0	0.465911842	0.333840422	0.239207115	0.171399388	0.122813028	0.08799938	0.063054311	0.0451803881	0.0323731627	0.0231963847	0.0166209359	0.011909421	0.00853347304	0.00611450062	0.00438123115	0.00313928929	0.00224939907	0.00161176487	0.00115487999	0.000827507674	0.000592935158	0.000424856606	0.000304423061	0.000218128655	0.000156296011	0.000111990985
0	0	0	0	0	0	0	0	0	0	0	0	0	0	0	0.823599232	0.590134637	0.422849945	0.302985225	0.2170984	0.155557801	0.111462035	0.0798660382	0.057226517	0.0410045913	0.0293810735	0.0210524591	0.0150847461	0.0108086929	0.00774476689	0.00554936797	0.00397629591	0.00284914052	0.00204149839	0.00146279752	0.00104814022	0.000751025286	0.000538133133	0.000385589239	0.000276286763	0.000197968116
0	0	0	0	0	0	0	0	0	0	0	0	0	0	0	1.1522652	0.825634095	0.59159268	0.423894678	0.303733809	0.217634784	0.155942137	0.111737424	0.0800633629	0.0573679063	0.0411059011	0.0294536652	0.0211044733	0.0151220159	0.0108353979	0.00776390185	0.00556307877	0.00398612012	0.00285617988	0.00204654231	0.00146641164	0.00105072986	0.000752880841	0.000539462696	0.000386541912	0.000276969383
0	0	0	0	0	0	0	0	0	0	0	0	0	0	0	1.47847744	1.05937538	0.759075628	0.543901455	0.389722422	0.279248318	0.200090163	0.143370867	0.102729715	0.0736090575	0.0527431944	0.0377921502	0.0270792589	0.0194031369	0.0139029551	0.00996190264	0.00713801515	0.00511461135	0.00366477918	0.00262592903	0.00188156037	0.00134819692	0.000966025303	0.000692187376	0.000495973928	0.000355380848
0	0	0	0	0	0	0	0	0	0	0	0	0	0	0	1.8364761	1.31589262	0.942878267	0.6756018	0.484089843	0.34686553	0.248540013	0.178086701	0.127604697	0.091432761	0.0655144361	0.0469431447	0.033636233	0.0241014141	0.0172694179	0.0123740786	0.00886641476	0.00635306379	0.00455216912	0.00326177171	0.00233716156	0.00167464943	0.00119993875	0.000859793687	0.000616069098	0.000441432798
0	0	0	0	0	0	0	0	0	0	0	0	0	0	0	2.26706567	1.62442354	1.16395033	0.834006853	0.597592024	0.428193396	0.306813975	0.21984182	0.157523547	0.112870554	0.0808752858	0.0579496745	0.0415227562	0.0297523549	0.0213184939	0.0152753684	0.0109452797	0.00784263561	0.00561949397	0.00402654338	0.00288514441	0.0020672963	0.00148128253	0.00106138531	0.000760515809	0.000544933389
0	0	0	0	0	0	0	0	0	0	0	0	0	0	0.00622351175	2.81573429	2.04700322	1.4667419	1.0509665	0.753050401	0.539584191	0.386628967	0.277031761	0.198501931	0.142232848	0.101914289	0.0730247793	0.0523245408	0.0374921718	0.026864315	0.0192491228	0.0137925992	0.00988282919	0.00708135655	0.00507401369	0.00363568968	0.00260508549	0.00186662532	0.00133749549	0.000958357395	0.00068669308
0	0	0	0	0	0	0	0	0	0	0	0	0	0	0.304912311	3.71607372	4.38256667	3.78261975	2.94758614	2.26955004	1.7164226	1.37655031	1.36908087	1.72796907	1.23814394	0.887168901	0.635684295	0.455487701	0.326371199	0.233855183	0.167564561	0.120065254	0.0860305142	0.0616435571	0.0441695387	0.0316488575	0.0226773973	0.0162490652	0.011642964	0.00834254825	0.00597769703
0	0	0	0	0	0	0	0	0	0	0	0	0	0	0.617455951	4.77053455	6.75476777	7.20489289	7.13681269	7.01576397	6.8704561	6.79604377	6.9056025	7.20689393	5.18948587	3.71842911	2.66437088	1.90910516	1.36793362	0.980167272	0.70232054	0.503234657	0.360583388	0.258369288	0.185129684	0.132651215	0.0950487492	0.0681054048	0.048799655	0.0349664807	0.0250545783
0	0	0	0	0	0	0	0	0	0	0	0	0	0	0.966074635	5.96663983	9.1327469	10.5054622	11.1104351	11.4794508	11.6920409	11.8517211	12.0514825	12.2727211	9.97058138	7.14423374	5.11906717	3.6679719	2.62821672	1.88319957	1.34937145	0.966866897	0.692790405	0.496406017	0.355690454	0.254863347	0.182617568	0.130851205	0.0937589856	0.0671812489	0.0481374683
0	0	0	0	0	0	0	0	0	0	0	0	0	0	1.37008219	7.26991945	11.4808013	13.6596822	14.8519153	15.6498201	16.1754592	16.5392746	16.8052745	16.9260037	14.4046204	10.3213615	7.3955787	5.2991637	3.79701671	2.72068136	1.94945338	1.39684439	1.00088274	0.71716382	0.513870332	0.368204182	0.263829825	0.18904233	0.135454749	0.0970575687	0.0695447869
0	0	0	0	0	0	0	0	0	0	0	0	0	0	1.84028597	8.63688511	13.7630966	16.6439623	18.3466291	19.5186418	20.3175765	20.8579863	21.1689683	21.1710577	18.4807261	13.2420189	9.48832114	6.79867918	4.8714665	3.49055828	2.5010943	1.79211237	1.28410463	0.920101172	0.659281299	0.472395693	0.338486305	0.242536036	0.173784664	0.124522153	0.0892240213
0	0	0	0	0	0	0	0	0	0	0	0	0	0	2.37462058	10.0240377	15.9473343	19.4378207	21.5827338	23.0802545	24.1174326	24.8096173	25.146905	25.0148859	22.1929678	16.4216029	11.7665926	8.43113203	6.04117008	4.32868752	3.10164014	2.22242227	1.59243514	1.14102964	0.817583464	0.585824151	0.419761347	0.300772148	0.215512661	0.15442157	0.11064789
0	0	0	0	0	0	0	0	0	0	0	0	0	0	2.9580657	11.3916672	18.0059359	22.0244892	24.5513675	26.3314569	27.5760199	28.3978724	28.7453101	28.4666939	25.5401347	19.9086017	14.2651364	10.2214169	7.32396526	5.24785042	3.76024914	2.69433625	1.93057628	1.38331835	0.991190912	0.710219323	0.508894383	0.364638759	0.261275088	0.187211781	0.134143103
0	0	0	0	0	0	0	0	0	0	0	0	0	0	3.56732026	12.7057616	19.9166204	24.3912697	27.2468643	29.2716084	30.69636	31.6283274	31.972255	31.5377765	28.5255964	23.0183408	16.6152127	11.9053201	8.53053463	6.11239516	4.37972251	3.13820831	2.24862452	1.61120987	1.15448232	0.82722273	0.592730987	0.424710311	0.304318236	0.218053544	0.156242192
0	0	0	0	0	0	0	0	0	0	0	0	0	0	4.1774758	13.9396813	21.6632265	26.5301652	29.6672576	31.9030351	33.4838701	34.5086907	34.8378829	34.2416116	31.1571588	25.7567933	19.5376498	13.9993378	10.0309639	7.18749968	5.15006857	3.69018538	2.64413337	1.89460435	1.35754334	0.972722305	0.696985988	0.499412284	0.357844538	0.256406816	0.183723512
0	0	0	0	0	0	0	0	0	0	0	0	0	0	4.76733705	15.0751111	23.2362299	28.4383298	31.8146838	34.2313974	35.9467243	37.0491069	37.3546515	36.5939559	33.4467988	28.136483	22.0973572	15.8334483	11.3451615	8.12916343	5.82480013	4.17365167	2.9905521	2.14282422	1.53540064	1.10016264	0.788300975	0.564842331	0.404727216	0.289999722	0.207793881
0	0	0	0	0	0	0	0	0	0	0	0	0	0	5.32195062	16.1017893	24.632477	30.1179556	33.6953728	36.2657565	38.0959846	39.262295	39.537419	38.6128092	35.4102275	30.174886	24.3100392	17.4189042	12.4811903	8.94316362	6.40805675	4.5915733	3.29000604	2.35739234	1.68914542	1.21032558	0.867236175	0.621401873	0.445253899	0.31903836	0.228600974
0	0	0	0	0	0	0	0	0	0	0	0	0	0	5.8328311	17.016299	25.8542773	31.5756682	35.3192549	38.0183331	39.9454768	41.1634742	41.4033372	40.318218	37.0663038	31.8931893	26.1956579	18.7700091	13.4492992	9.63684401	6.90510047	4.94772069	3.54519679	2.5402445	1.82016472	1.30420501	0.934503727	0.66960118	0.479790211	0.343784709	0.246332508
0	0	0	0	0	0	0	0	0	0	0	0	0	0	6.29701071	17.8205266	26.9082527	32.8217063	36.6993708	39.504085	41.511491	42.7701273	42.9715897	41.7319446	38.4363564	33.3152326	27.7771722	19.9032136	14.2612757	10.2186506	7.32198309	5.24643014	3.75923146	2.69360705	1.93005379	1.38294397	0.990922655	0.710027109	0.508756655	0.364540073	0.261204376
0	0	0	0	0	0	0	0	0	0	0	0	0	0	6.71577066	18.5202223	27.8042451	33.8690976	37.8512373	40.7402103	42.8123871	44.1016575	44.2630276	42.8770444	39.5434673	34.4665566	29.0794877	20.8363634	14.9299068	10.6977457	7.66526974	5.49240577	3.93548071	2.81989515	2.02054317	1.44778244	1.03738145	0.743316291	0.532609396	0.381631309	0.273450782
0	0	0	0	0	0	0	0	0	0	0	0	0	0	7.0934505	19.1238231	28.5543923	34.7329191	38.7922372	41.7456329	43.8681499	45.1789798	45.2997438	43.7773897	40.4117608	35.3735305	30.1285452	21.5880459	15.4685109	11.0836724	7.94179828	5.69054713	4.07745519	2.92162431	2.0934353	1.50001194	1.07480552	0.770131807	0.551823553	0.395398854	0.283315659
0	0	0	0	0	0	0	0	0	0	0	0	0	0	7.43640775	19.641512	29.1723578	35.4296371	39.5410376	42.5404819	44.6999141	46.0240679	46.1046111	44.4571738	41.0657322	36.0625688	30.9505206	22.1770171	15.8905271	11.3860602	8.15846867	5.84579825	4.18869748	3.00133289	2.15054899	1.54093569	1.10412867	0.791142761	0.56687856	0.406186237	0.291045157
0	0	0	0	0	0	0	0	0	0	0	0	0	0	7.75205407	20.084411	29.6726425	35.9764878	40.117018	43.1455597	45.3294617	46.6594689	46.7008053	44.9404325	41.5296484	36.5594612	31.5711473	22.6217156	16.2091675	11.614376	8.32206408	5.96301948	4.27269017	3.06151628	2.19367228	1.57183487	1.1262689	0.807006931	0.578245734	0.414331173	0.296881259
0	0	0	0	0	0	0	0	0	0	0	0	0	0	8.04788014	20.4638096	30.0699169	36.3908639	40.5396953	43.5818026	45.7787072	47.1078041	47.1113359	45.2506217	41.8270506	36.8888484	32.0151757	22.9398758	16.4371393	11.7777249	8.43910868	6.04688561	4.33278287	3.10457459	2.2245249	1.59394174	1.14210916	0.818356976	0.586378397	0.420158481	0.301056707
0	0	0	0	0	0	0	0	0	0	0	0	0	0	8.33045809	20.7903973	30.3783577	36.6897115	40.8281661	43.8697597	46.069201	47.3912921	47.358619	45.4102994	41.980393	37.0738698	32.3059909	23.148254	16.5864488	11.8847099	8.51576675	6.10181351	4.37214043	3.13277551	2.24473175	1.60842058	1.15248371	0.82579066	0.591704864	0.423975062	0.303791407
0	0	0	0	0	0	0	0	0	0	0	0	0	0	8.60453195	21.0735576	30.6110442	36.8889931	41.0006287	44.0291595	46.2217183	47.5313551	47.4641515	45.440974	42.01086	37.1360066	32.4654019	23.262477	16.6682931	11.9433539	8.55778703	6.13192236	4.39371436	3.14823391	2.25580817	1.61635718	1.15817053	0.829865449	0.594624578	0.426067128	0.305290438
0	0	0	0	0	0	0	0	0	0	0	0	0	0	8.87240216	21.3208571	30.7795283	37.0033257	41.0740958	44.0786671	46.2560328	47.548402	47.4483659	45.3632027	41.9384186	37.0951425	32.5136162	23.2970241	16.6930472	11.961091	8.57049619	6.14102887	4.40023946	3.15290935	2.25915827	1.61875763	1.15989053	0.831097881	0.595507654	0.42669988	0.305743824
0	0	0	0	0	0	0	0	0	0	0	0	0	0	9.1337983	21.5378625	30.8936987	37.0459123	41.0644282	44.0359711	46.1910082	47.461911	47.3307805	45.197057	41.7821884	36.9698811	32.4694268	23.2653609	16.6703595	11.9448346	8.55884797	6.13268255	4.39425907	3.14862421	2.25608783	1.61655757	1.15831411	0.82996833	0.594698295	0.426119949	0.305328286
0	0	0	0	0	0	0	0	0	0	0	0	0	0	9.38629123	21.7283303	30.9620066	37.0288676	40.9868333	43.9183632	46.0451778	47.2909738	47.1306019	44.9631143	41.5612407	36.7781825	32.3506516	23.1802548	16.6093784	11.9011396	8.52753919	6.11024883	4.3781846	3.13710635	2.24783493	1.61064411	1.15407693	0.826932256	0.592522853	0.424561177	0.304211376
0	0	0	0	0	0	0	0	0	0	0	0	0	0	9.62609938	21.8946872	30.9920505	36.964018	40.8569946	43.7440324	45.8380507	47.0555381	46.8680156	44.6841789	41.2959671	36.5384092	32.1748919	23.0543174	16.5191403	11.8364812	8.48120942	6.0770521	4.3543981	3.12006258	2.23562253	1.60189354	1.14780688	0.822439567	0.589303701	0.422254553	0.302558608
0	0	0	0	0	0	0	0	0	0	0	0	0	0	9.84902125	22.0386504	30.9914982	36.8642871	40.6930771	43.5343964	45.5925033	46.7787051	46.5665235	44.3879331	41.0101417	36.2708723	31.9606695	22.9008204	16.4091549	11.7576732	8.42474102	6.03659072	4.32540626	3.09928902	2.22073762	1.59122804	1.14016471	0.816963715	0.585380081	0.419443157	0.300544155
0	0	0	0	0	0	0	0	0	0	0	0	0	0	10.0512443	22.1618533	30.9693802	36.7458698	40.5189336	43.3178831	45.3387164	46.4905563	46.256782	44.1105436	40.733655	35.9998629	31.7289386	22.7828091	16.324596	11.6970842	8.38132707	6.00548327	4.3031168	3.08331792	2.20929383	1.5830282	1.13428927	0.812753779	0.582363531	0.417281704	0.298995406
0	0	0	0	0	0	0	0	0	0	0	0	0	0	10.229897	22.2664312	30.9378624	36.6314049	40.368647	43.1353019	45.1198701	46.2337897	45.9821771	43.9006196	40.5054222	35.7558199	31.5047197	22.6720252	16.2452159	11.6402059	8.34057197	5.97628096	4.28219243	3.06832496	2.1985509	1.57533056	1.12877367	0.808801677	0.579531726	0.415252627	0.297541509
0	0	0	0	0	0	0	0	0	0	0	0	0	0	10.3833411	22.3555913	30.9145137	36.5538956	40.2913818	43.0454523	44.9983304	46.070148	45.8050525	43.821527	40.3749564	35.5765554	31.3180882	22.5808414	16.1798799	11.5933906	8.30702733	5.95224518	4.26497004	3.05598457	2.18970863	1.56899479	1.1242339	0.805548787	0.577200928	0.413582537	0.296344838
0	0	0	0	0	0	0	0	0	0	0	0	0	0	10.511276	22.4342087	30.9244915	36.5594659	40.3524557	43.1258021	45.0571227	46.0829559	45.8089284	43.9479407	40.39961	35.5053895	31.2029797	22.5361688	16.1478705	11.5704548	8.29059317	5.94046959	4.25653246	3.04993878	2.18537663	1.56589078	1.12200978	0.803955135	0.576059026	0.412764329	0.295758566
0	0	0	0	0	0	0	0	0	0	0	0	0	0	10.6147524	22.5094202	31.0006353	36.7039914	40.6228815	43.4586946	45.386487	46.3659068	46.0870909	44.351254	40.6336622	35.5834553	31.1918454	22.5640583	16.1678542	11.5847738	8.30085314	5.94782118	4.2618001	3.05371321	2.18808113	1.56782864	1.12339831	0.804950064	0.576771924	0.413275143	0.29612458
0	0	0	0	0	0	0	0	0	0	0	0	0	0	10.6961616	22.5910166	31.1780059	37.0377927	41.1532053	44.0987052	46.0494051	46.9903948	46.7101414	45.0727436	41.1086114	35.835709	31.3058111	22.6829429	16.2530388	11.6458112	8.34458837	5.97915884	4.28425452	3.06980251	2.19960961	1.57608916	1.12931723	0.809191155	0.579810799	0.415452592	0.29768479
0	0	0	0	0	0	0	0	0	0	0	0	0	0	10.7592278	22.6912151	31.4816327	37.5818556	41.9452316	45.0395735	47.0437142	47.9650783	47.6858674	46.0972989	41.8140673	36.2573592	31.5451163	22.8971575	16.4065303	11.7557927	8.42339352	6.0356252	4.32471443	3.0987933	2.22038242	1.59097353	1.13998235	0.816833046	0.585286453	0.419376069	0.300496084
0	0	0	0	0	0	0	0	0	0	0	0	0	0	10.808971	22.8232751	31.9144462	38.3143325	42.9475882	46.2127055	48.296678	49.2233898	48.9464928	47.3511087	42.6961598	36.812798	31.888421	23.1968221	16.6212493	11.9096456	8.53363395	6.11461592	4.38131376	3.13934849	2.24944149	1.61179526	1.15490177	0.827523278	0.592946339	0.424864617	0.304428801
0	0	0	0	0	0	0	0	0	0	0	0	0	0	10.8515565	22.9987743	32.4564249	39.1814076	44.0802127	47.5198729	49.6994511	50.653792	50.3784576	48.7294573	43.6778564	37.4501034	32.3030798	23.5653938	16.8853425	12.0988766	8.66922391	6.21177037	4.45092796	3.18922925	2.28518261	1.63740489	1.17325187	0.840671702	0.602367596	0.431615243	0.309265836
0	0	0	0	0	0	0	0	0	0	0	0	0	0	10.8939092	23.2243074	33.075054	40.1210271	45.2643704	48.8689646	51.1482106	52.1438009	51.8666531	50.1317334	44.6845935	38.1191268	32.7576858	23.9882936	17.1883635	12.3160006	8.82480005	6.32324554	4.53080342	3.24646251	2.32619204	1.66678943	1.19430681	0.855758227	0.613177564	0.439360923	0.314815858
0	0	0	0	0	0	0	0	0	0	0	0	0	0	10.942988	23.4992698	33.73646	41.0796712	46.4383791	50.1906187	52.5646044	53.605789	53.3210576	51.4810011	45.6587525	38.7813147	33.2283549	24.4560951	17.5235579	12.5561779	8.99689459	6.44655667	4.6191597	3.30977255	2.37155567	1.69929389	1.21759728	0.872446573	0.625135287	0.447929006	0.320955158
0	0	0	0	0	0	0	0	0	0	0	0	0	0	11.0047258	23.8159959	34.4108621	42.0170388	47.5591752	51.4383498	53.8967333	54.9810201	54.6814886	52.7265227	46.5616886	39.4104275	33.6982865	24.9618841	17.8859715	12.8158586	9.18296396	6.5798812	4.7146909	3.37822365	2.42060302	1.73443785	1.24277903	0.890490086	0.638064028	0.457192854	0.327592995
0	0	0	0	0	0	0	0	0	0	0	0	0	0	11.0828615	24.1619029	35.0736857	42.904296	48.5980949	52.5826862	55.1125628	56.2335225	55.9117029	53.8383595	47.3698643	39.9891195	34.1544976	25.4963418	18.2689272	13.0902583	9.37957996	6.72076272	4.81563692	3.45055463	2.47243043	1.77157382	1.26938811	0.909556326	0.651725587	0.466981789	0.334607073
0	0	0	0	0	0	0	0	0	0	0	0	0	0	11.178092	24.5221744	35.7051192	43.7210639	49.5363882	53.6055088	56.193256	57.3427527	56.991895	54.800975	48.0701671	40.505356	34.584982	26.0443655	18.8454788	13.5033756	9.67559142	6.9328642	4.96761427	3.55945116	2.55045821	1.82748316	1.30944891	0.93826114	0.672293484	0.481719331	0.345166984
0	0	0	0	0	0	0	0	0	0	0	0	0	0	11.2879837	24.8819104	36.2894646	44.4530784	50.3620927	54.4962201	57.1285626	58.2981744	57.9129408	55.6083153	48.65631	40.9501976	34.9775958	26.5852649	19.4888093	13.9643421	10.0058883	7.16953229	5.13719437	3.68096061	2.63752353	1.88986819	1.35414973	0.970290683	0.695243655	0.498163847	0.356949994
0	0	0	0	0	0	0	0	0	0	0	0	0	0	11.4077812	25.2275948	36.8147175	45.0907898	51.0682268	55.2495397	57.9141098	59.0959228	58.6727033	56.260557	49.1265111	41.316961	35.3205034	27.0960199	20.0893656	14.3946594	10.3142242	7.39046458	5.29549927	3.79439103	2.71879998	1.94810531	1.39587845	1.00019062	0.716667894	0.513514985	0.367949565
0	0	0	0	0	0	0	0	0	0	0	0	0	0.298634519	11.7458138	25.7014441	37.3823027	45.7073978	51.7082831	55.9047784	58.5789097	59.7576799	59.2887153	56.7727365	49.4897611	41.6066444	35.607274	27.558219	20.6317884	14.7833224	10.5927134	7.5900108	5.43848038	3.89684148	2.79220893	2.00070512	1.43356786	1.02719626	0.736018283	0.527380145	0.377884386
0	0	0	0	0	0	0	0	0	0	0	0	0	0.627087053	12.1044228	26.1574343	37.8884712	46.2302379	52.2321886	56.4280264	59.1005834	60.2694363	59.7537704	57.142593	49.7428948	41.8122278	35.8266007	27.9529313	21.1016277	15.1199769	10.8339369	7.762855	5.56232867	4.24294947	3.04020614	2.17840289	1.56089388	1.11842934	0.801389639	0.574220768	0.411447159
0	0	0	0	0	0	0	0.107550672	0.0870752796	0.0623921642	0.0447059392	0.0320332052	0.0229527945	0.940372331	12.448036	26.5678563	38.3153076	46.6490745	52.635388	56.8187864	59.4815278	60.6357493	60.0744614	57.3779444	49.8903097	41.9331846	35.973243	28.2693536	21.4913981	15.3992597	11.0340517	7.90624353	5.66507104	4.65295254	3.33398618	2.38890549	1.79944127	1.28935601	0.923863953	0.661977449	0.474327569
0	0	0	0	0	0	0	0.329236102	0.55669731	0.398891053	0.285817929	0.204797495	0.146743818	1.29466753	12.8156926	26.9601682	38.6852389	46.9832974	52.9351678	57.0928272	59.7364192	60.870543	60.2643563	57.4916366	49.94042	41.9730137	36.0463964	28.5033927	21.7994013	15.6199536	11.1921858	8.01955156	5.74625979	5.00108226	3.60427854	2.58257842	2.15700806	1.54556381	1.10744486	0.793518919	0.568581151
0	0	0	0	0	0.166773596	0.119498503	0.607964598	1.04993428	0.752310787	0.539054234	0.386249237	0.276759672	1.6231099	13.1601008	27.3012625	38.977873	47.2221073	53.1276012	57.2511304	59.8697473	60.9807884	60.3321283	57.4929356	49.8995318	41.9347303	36.0463173	28.6544858	22.0272854	15.7832396	11.3091854	8.10338543	5.94088895	5.38754803	4.1840819	2.99802569	2.6397968	1.89149706	1.35531687	0.97112697	0.695842881
0	0	0	0	0	0.385471966	0.293365053	0.899594743	1.53296401	1.09841671	0.862483984	0.61799678	0.442814043	1.94862684	13.4992549	27.6057549	39.2073606	47.3797146	53.2268912	57.3078705	59.8956466	60.9805038	60.2914473	57.3945541	49.7768979	41.824288	35.976491	28.7262766	22.180353	15.8929174	11.3877729	8.15969586	6.13816577	5.73725017	4.70147458	3.41579476	3.0933911	2.21651158	1.58819995	1.13799499	0.815409041
0	0	0	0	0	0.584645468	0.60324673	1.26516575	2.04742914	1.63246377	1.45208972	1.18811204	0.85131948	2.42129074	13.9420105	27.9540154	39.4351076	47.5042381	53.2715573	57.2946545	59.8407369	60.8926089	60.1621989	57.2134981	49.5853261	41.6508114	35.8434795	28.725713	22.2666842	15.9547764	11.4320969	8.19145535	6.29613648	6.0245899	5.14156169	3.97792334	3.62266278	2.59575131	1.85993709	1.33270316	0.95492354
0	0	0	0	0	0.763026176	0.887857141	1.59121761	2.50982387	2.17101531	2.01651526	1.74026792	1.24695646	2.86076173	14.3591499	28.2562253	39.6005487	47.55629	53.2372946	57.1979359	59.6991259	60.7165425	59.9472055	56.9543893	49.3292076	41.417852	35.6503709	28.6577165	22.29299	16.0596074	11.512813	8.24929098	6.4521147	6.28044934	5.53006035	4.48107897	4.08512049	2.92711674	2.09737079	1.50283184	1.15126009
0.106552987	0.0763485513	0.0547061275	0.0391986532	0.0280870624	0.940383978	1.16050161	1.88871335	2.92569237	2.65307934	2.51188242	2.23696062	1.60285232	3.250529	14.7369821	28.5055319	39.7024261	47.5387805	53.1299059	57.0255162	59.4799627	60.4622454	59.6565377	56.6269154	49.0169596	41.1321882	35.402864	28.5290796	22.2669791	16.1816921	11.7834533	8.44321321	6.68664775	6.56604043	5.91404182	4.95690157	4.506649	3.22915512	2.31379075	1.71928963	1.54034943
0.232004871	0.166238754	0.119115272	0.0853498221	0.0611558199	1.10066549	1.40901776	2.14968474	3.28712641	3.0727139	2.93519653	2.6755092	1.91708611	3.59176189	15.0728331	28.7029984	39.744957	47.4583348	52.9576552	56.7867183	59.1931945	60.139914	59.3001713	56.2406203	48.6571755	40.8010031	35.1070986	28.3466204	22.1955874	16.2610772	12.0136644	8.60816671	6.88379945	6.80099279	6.23856282	5.36418818	4.86094833	3.67430711	2.63275609	2.10656283	2.02894865
0.351718443	0.252017277	0.18057827	0.159107278	0.114005346	1.25578317	1.64137229	2.38012414	3.59664785	3.43204854	3.29031757	3.05759611	2.3494062	4.00098438	15.445831	28.908211	39.7740974	47.3513529	52.7500227	56.5058776	58.8592552	59.7669488	58.892999	55.8085628	48.2610646	40.4336097	34.7708148	28.1178872	22.0851478	16.3045144	12.2063626	8.74624101	7.04791074	6.99036295	6.50942445	5.70587973	5.15346202	4.07322718	2.99808439	2.51468713	2.51487281
0.464894269	0.3331113	0.238684676	0.339796721	0.24347499	1.44857316	1.88772992	2.60182308	3.86880899	3.74257429	3.58851128	3.39015521	2.75076662	4.37281518	15.7762209	29.0667607	39.7539905	47.1956481	52.4945632	56.1772289	58.4768186	59.3448943	58.4383754	55.3355911	47.8338186	40.0352603	34.398898	27.8479824	21.9390278	16.3153332	12.3627211	8.93589181	7.23837497	7.17809187	6.76007754	6.00562852	5.40477574	4.43665992	3.35699493	2.90626647	2.97692883
0.569988129	0.493264322	0.353439331	0.549012061	0.475669866	1.70068715	2.16315314	2.8260132	4.11146738	4.01176437	3.83849415	3.67867981	3.10968572	4.69980235	16.0552975	29.1749808	39.6851332	46.9953805	52.1980318	55.8089124	58.0544648	58.8822148	57.9445312	54.830144	47.3828364	39.613015	33.9976068	27.5427012	21.7600774	16.2953194	12.4841943	9.24008754	7.50352068	7.39990846	7.01811177	6.28393071	5.63371552	4.77756643	3.69288255	3.27027884	3.41212223
0.664789289	0.790008937	0.733011046	0.935675165	0.911474118	2.08820892	2.5218651	3.09252499	4.35386798	4.26304134	4.06038101	3.93751503	3.43772773	4.99050187	16.2870881	29.2381691	39.5746257	46.760084	51.8717032	55.4127347	57.6035343	58.3892945	57.4211087	54.3017453	46.9157654	39.1742433	33.5735437	27.2079352	21.5505942	16.2451254	12.5730996	9.52669597	7.75150514	7.59110663	7.23925112	6.51083171	5.82352899	5.08549234	3.99786161	3.60213479	3.82025973
0.746566796	1.06048165	1.1379777	1.3277064	1.34851651	2.47063441	2.86311094	3.33082272	4.54699559	4.46400779	4.23393424	4.15291219	3.72702758	5.23922519	16.4667131	29.2550885	39.4252862	46.4972243	51.5263899	55.0009118	57.1360238	57.8770804	56.8783083	53.7602676	46.4399335	38.726016	33.1332566	26.8494926	21.312623	16.165007	12.6328764	9.79678698	7.98513755	7.75503045	7.42794251	6.69221333	5.98344983	5.37003075	4.27818606	3.90698539	4.20551256
0.812324872	1.30190065	1.50927187	1.68213474	1.75411951	2.82929034	3.17362831	3.53375418	4.68795681	4.61506463	4.36181438	4.32830677	3.98239269	5.44918689	16.5967818	29.2296978	39.2442479	46.2185449	51.1771581	54.589674	56.6673911	57.3592508	56.3285253	53.2168617	45.9630881	38.2753339	32.6834096	26.4732379	21.0483894	16.0555081	12.6677375	10.0497723	8.20498701	7.89377151	7.58739772	6.83379745	6.12213172	5.64024537	4.53945394	4.1884719	4.56824485
0.859172	1.51197552	1.83943677	1.99304895	2.12199271	3.16380671	3.45338521	3.70425969	4.78168105	4.72150374	4.44945163	4.4696306	4.21005432	5.6245212	16.6813655	29.1667768	39.0398602	45.9375508	50.8411852	54.1976511	56.2155028	56.8515796	55.785884	52.6832816	45.4930382	37.8285454	32.2303183	26.0846739	20.7601927	15.9174986	12.6814609	10.2830612	8.40918089	8.00802386	7.71915253	6.94057756	6.24599392	5.9016153	4.78430347	4.44668643	4.90424814
0.884745159	1.68862721	2.12264159	2.25595023	2.44657298	3.47268987	3.70156969	3.84520103	4.83353115	4.78800139	4.50108905	4.58196311	4.41439228	5.76797277	16.7240006	29.0703989	38.8202992	45.6673929	50.5350716	53.8432786	55.7985962	56.3704733	55.2650138	52.1706606	45.0368645	37.3905584	31.7792799	25.6882973	20.4500248	15.751816	12.6759086	10.4918897	8.59366141	8.09714959	7.82289933	7.01639999	6.35764107	6.15359569	5.010595	4.67697279	5.20508018
0.887593911	1.82983434	2.35489565	2.46799502	2.72309501	3.75257164	3.91601708	3.95877674	4.84878289	4.81842598	4.51973859	4.6688179	4.596802	5.880137	16.7268161	28.9431903	38.5922759	45.4180022	50.2708125	53.5405263	55.4315906	55.930104	54.7786243	51.687545	44.5995085	36.9638223	31.3336924	25.2867943	20.1190159	15.5587463	12.6499654	10.6693795	8.75279729	8.15941942	7.89668221	7.06373905	6.45511955	6.38906252	5.21109975	4.87027154	5.45950397
0.867439434	1.93371074	2.53407141	2.62802831	2.94773341	3.9981866	4.09323657	4.04627931	4.83232889	4.81617713	4.50761758	4.73182383	4.75543712	5.95936396	16.6901928	28.7859846	38.3596461	45.1930547	50.0516173	53.2941476	55.1216099	55.5387049	54.3343346	51.2376249	44.1820758	36.5473404	30.8941823	24.880326	19.7669183	15.3376347	12.5994556	10.8070041	8.88020798	8.19239035	7.93743498	7.08362492	6.53247044	6.59595734	5.37497155	5.01495411	5.65560811
0.825259193	1.99879667	2.65986712	2.73654599	3.11794784	4.20325386	4.22911861	4.10816079	4.78856904	4.78484484	4.46692221	4.7709523	4.88595634	6.00239252	16.6130331	28.5979696	38.1224166	44.9883617	49.8699652	53.097045	54.8649072	55.1956731	53.9321145	50.8181602	43.7806458	36.1361924	30.4581264	24.4662591	19.3918917	15.0868286	12.5180702	10.895505	8.96956367	8.19331386	7.9416785	7.07561253	6.58127459	6.7601824	5.49028845	5.09934956	5.78293827
0.763176427	2.02440897	2.73370207	2.79560359	3.23288727	4.36180693	4.31991041	4.14406046	4.72123083	4.72872542	4.40057459	4.78514885	4.98286584	6.00537312	16.4934141	28.377188	37.8766511	44.7927827	49.7093535	52.9316448	54.6471467	54.8911301	53.5637417	50.4200326	43.3863401	35.7219708	30.0198949	24.0396073	18.9907806	14.8039685	12.3988066	10.9260057	9.01504461	8.15937165	7.90606822	7.03769709	6.59234949	6.86830879	5.54654817	5.11400738	5.83406108
0.686322217	2.01443288	2.76307856	2.81402724	3.29954481	4.47549781	4.36945747	4.15933729	4.63979715	4.65974001	4.31963544	4.78008015	5.04789243	5.97174724	16.3348894	28.125454	37.6187414	44.5938182	49.5508886	52.7763727	54.4485574	54.6096856	53.216127	50.0312657	42.9891928	35.2974053	29.5757673	23.5988627	18.565249	14.492395	12.241491	10.8973208	9.01793458	8.09435732	7.83434843	6.97315305	6.56392209	6.91613371	5.54352551	5.06038495	5.81244075
0.61115333	1.9916413	2.77960197	2.82873194	3.35634253	4.57874788	4.41549418	4.19185126	4.58648971	4.62461518	4.27140897	4.7967859	5.11897986	5.94062738	16.1695901	27.8663107	37.3604751	44.391642	49.3865538	52.6181926	54.2551756	54.3402251	52.8807776	49.6469434	42.5904073	34.8717243	29.1415586	23.1668273	18.144853	14.1857319	12.0786352	10.842046	9.01281655	8.03550492	7.76442709	6.9184299	6.53021684	6.9368899	5.52068955	4.98050754	5.76102302
0.543128599	1.96153553	2.7919853	2.84920337	3.41246215	4.67621734	4.46386608	4.24371555	4.5668225	4.63328214	4.26659883	4.84000307	5.19896443	5.9167139	16.0018291	27.6019262	37.0972634	44.1756313	49.2015984	52.4392501	54.0479257	54.0653518	52.54232	49.2547776	42.1804583	34.4395112	28.7145801	22.7450302	17.7343482	13.8888262	11.9133457	10.7627347	9.00052976	7.98521645	7.69993556	6.87420594	6.49182968	6.93199662	5.48570489	4.88473113	5.6909784
0.484594858	1.92621712	2.80402009	2.87858603	3.47102362	4.7674101	4.514605	4.30920207	4.5768919	4.68499989	4.30576669	4.90578405	5.28351752	5.89759767	15.8301776	27.3301257	36.8222143	43.9357921	48.9840104	52.2254162	53.8109438	53.7694545	52.1865347	48.8434105	41.7498107	33.9942673	28.2895342	22.3325812	17.3349583	13.6010153	11.7438097	10.6573109	8.9750261	7.93810568	7.63717559	6.83381398	6.44393069	6.89869121	5.44227573	4.77980671	5.60921472
0.436547696	1.88760543	2.81879143	2.91864415	3.53431378	4.85236205	4.56843981	4.38269552	4.61074076	4.77433691	4.38494672	4.98792407	5.36753047	5.88016072	15.6527725	27.0486091	36.5298511	43.665439	48.7264157	51.9679906	53.5336964	53.4412566	51.8029959	48.4049313	41.2920101	33.531992	27.8626946	21.9308602	16.9497551	13.322112	11.5693062	10.5252789	8.93075405	7.8883491	7.57215878	6.79111914	6.38353991	6.83673936	5.39574268	4.6745952	5.52407378
0.39861781	1.84732794	2.83849076	2.96968964	3.60335656	4.93119133	4.6267681	4.45966029	4.66112212	4.89143373	4.49529771	5.07791372	5.44472349	5.86029681	15.4671754	26.7549544	36.216145	43.3607292	48.4252377	51.6627957	53.2104596	53.0738387	51.3852485	47.9349294	40.8037522	33.050987	27.4317296	21.5427676	16.5832267	13.0525109	11.390101	10.3676119	8.86360203	7.83061446	7.50107106	6.7412128	6.30961766	6.74811107	5.35093691	4.57788532	5.44342497
0.369474737	1.80691151	2.86437634	3.0308469	3.67781656	5.00372934	4.6913215	4.53692357	4.72027052	5.02358076	4.62425997	5.16577997	5.50788413	5.8330875	15.2705196	26.4467967	35.8784328	43.0200828	48.0797612	51.3090671	52.8393495	52.6640623	50.9304191	47.4321203	40.2846036	32.5513874	26.9952749	21.1713991	16.2404742	12.7932533	11.2074136	10.1866849	8.77167713	7.76103928	7.42073614	6.68064815	6.22279636	6.63644599	5.31014949	4.49603897	5.37264394
0.347539073	1.76817878	2.89682646	3.10046758	3.7561432	5.06921258	4.76336312	4.61222285	4.78052353	5.15746234	4.75778097	5.24155853	5.54967091	5.7933526	15.0598873	26.1221489	35.5153604	42.6437139	47.6913747	50.9085008	52.4213476	52.2118107	50.4386388	46.8978345	39.7366233	32.0346723	26.5525187	20.8186348	15.9262635	12.5460087	11.0234143	9.98622287	8.65573056	7.67802643	7.32898461	6.60729792	6.1247734	6.50631115	5.27215828	4.4312894	5.31317151
0.331795464	1.73365167	2.93553313	3.1765847	3.83590571	5.12612626	4.84265763	4.68342256	4.834791	5.28119647	4.8827075	5.29683339	5.56366142	5.73637566	14.8327833	25.7797753	35.1268947	42.2333398	47.2630729	50.4645862	51.9595386	51.7193153	49.9125251	46.3355398	39.1640317	31.5033522	26.1030248	20.4842723	15.64418	12.3130108	10.8412596	9.77129541	8.51927748	7.58275258	7.22498348	6.52010865	6.01757835	6.3624038	5.23273752	4.38130785	5.26221577
0.322458215	1.70673616	2.97988934	3.25737724	3.91430931	5.17234689	4.92677656	4.74799475	4.87699584	5.38565956	4.98857904	5.32586211	5.54529828	5.6586416	14.5876105	25.4195598	34.7144097	41.7920694	46.7992131	49.9822351	51.4586316	51.1906933	49.3568359	45.7504652	38.5729754	30.9609139	25.6468742	20.1661156	15.3960053	12.0969881	10.6651693	9.54839565	8.36854001	7.4793351	7.10956878	6.41899361	5.90299777	6.20892541	5.18618522	4.34004335	5.21364728
0.321243929	1.69152185	3.02948213	3.34158631	3.98882422	5.20562933	5.01123729	4.8031758	4.90261129	5.46506472	5.06851467	5.32608934	5.49251335	5.55849806	14.3241085	25.0428424	34.2808353	41.3244374	46.3054756	49.4676593	50.9247451	50.631724	48.7782931	45.1493144	37.9713334	30.4119594	25.1850255	19.8608857	15.1812706	11.9010455	10.5004548	9.32556602	8.2122742	7.37458594	6.9854804	6.30490144	5.78235259	6.049307	5.12699631	4.29935922	5.15967212
0.331045652	1.69214575	3.08444803	3.42873506	4.05774036	5.22428201	5.09051496	4.84676538	4.90926633	5.51697384	5.11926129	5.29808314	5.4059589	5.43666828	14.0437197	24.6526855	33.8308163	40.8365082	45.7889321	48.9283937	50.3653719	50.0497994	48.1854593	44.5399921	37.3684229	29.8623483	24.7196554	19.5653541	14.9969726	11.7284299	10.3533429	9.11245102	8.06143192	7.27728831	6.85729599	6.17990164	5.65663856	5.88631766	5.05108066	4.25087319	5.09270089
0.3549298	1.71180431	3.14544063	3.51898638	4.12040446	5.22773157	5.15945926	4.87812701	4.89720524	5.54189796	5.14063888	5.24503987	5.28889463	5.29652098	13.7498159	24.2539839	33.3707681	40.3359096	45.2580651	48.3733027	49.7893628	49.4538917	47.5884576	43.9312212	36.774404	29.319079	24.2542144	19.2770568	14.8376143	11.5821496	10.2304252	8.92007943	7.92850547	7.19699903	6.73090132	6.04707441	5.52685609	5.72239988	4.95636525	4.18751242	5.00690403
0.394664146	1.75164638	3.21314492	3.61259841	4.17698899	5.21671413	5.21448868	4.89885169	4.86934522	5.54259191	5.13467188	5.17205845	5.14687413	5.14401297	13.4477046	23.8533103	32.9086706	39.8316096	44.7225288	47.8123511	49.2067137	48.854302	46.9982797	43.3319039	36.1992186	28.7896917	23.7930272	18.9943076	14.6957391	11.4643788	10.137576	8.7600791	7.82630796	7.14245745	6.612468	5.9100684	5.39426471	5.5599442	4.84284039	4.10447172	4.89912173
0.449366664	1.80993707	3.2875533	3.70917091	4.2278681	5.19303014	5.25418031	4.91276468	4.83080935	5.52317468	5.10470384	5.08540762	4.98742095	4.98728402	13.1443749	23.4584355	32.4534747	39.3332742	44.1924674	47.2559333	48.6279286	48.2619338	46.4255263	42.7501473	35.6510965	28.2811584	23.3404546	18.7156781	14.5628665	11.3755625	10.0783243	8.64302723	7.76597545	7.1197604	6.50706067	5.77232746	5.2603577	5.4012508	4.71216367	3.99948732	4.76901955
0.515017516	1.88192074	3.36739691	3.80705852	4.27290299	5.15902297	5.27924518	4.92526517	4.78799993	5.4882381	5.05472903	4.99195112	4.81982552	4.83597045	12.8480286	23.0775825	32.0141301	38.8501913	43.6773566	46.7137012	48.0628644	47.68697	45.8787035	42.1920609	35.1349961	27.7985221	22.8998779	18.4393811	14.4305199	11.3133945	10.0521092	8.57599487	7.7543465	7.13061176	6.41716338	5.63615199	5.12655797	5.24815516	4.56700681	3.87258186	4.61860915
0.585197393	1.96056715	3.45004272	3.90328328	4.3109989	5.11703161	5.29208405	4.94218347	4.74739403	5.44206794	4.9890213	4.89873226	4.65500987	4.70036173	12.5675091	22.7186266	31.5984697	38.3900043	43.1846258	46.1931245	47.5192441	47.1371653	45.3625753	41.6606888	34.651608	27.343802	22.4729477	18.1630006	14.2911023	11.2722722	10.0533246	8.56004262	7.79153104	7.17118179	6.34159834	5.50192519	4.99387856	5.10159176	4.41045184	3.72562158	4.45144111
0.652715122	2.0379621	3.53188736	3.99401105	4.34014439	5.06899741	5.29610404	4.96841268	4.71428342	5.38802814	4.91197324	4.812546	4.50517094	4.59050052	12.3117492	22.3885264	31.2123701	37.9577474	42.7185992	45.6983288	47.0013705	46.6163692	44.8772855	41.155584	34.1974683	26.9156881	22.0595107	17.8838039	14.1385737	11.2438377	10.0719359	8.58894461	7.86990814	7.23221211	6.27537186	5.36789507	4.86288985	4.96150495	4.24578088	3.56205608	4.27186124
0.711370101	2.10684674	3.60905253	4.07537847	4.35790291	5.01628564	5.29489856	5.00662856	4.69170871	5.32813848	4.8279848	4.73930379	4.38279084	4.51520034	12.0892463	22.0931649	30.8595768	37.5556717	42.2803171	45.2298236	46.5096946	46.1240487	44.4187867	40.6733885	33.7662768	26.5102569	21.6583681	17.5995985	13.9690028	11.2185917	10.0956044	8.65011239	7.97540085	7.30068429	6.21072594	5.23072847	4.7341556	4.82732681	4.07682743	3.38703691	4.08464652
0.757237415	2.1618766	3.67813689	4.14434087	4.36213732	4.95970923	5.29139317	5.05646302	4.67984764	5.26291065	4.74127303	4.68318626	4.29877076	4.48084058	11.9074319	21.8375397	30.5422836	37.1840315	41.8684498	44.785404	46.0416182	45.6562463	43.9805914	40.2093887	33.3510032	26.1225293	21.2686681	17.3098739	13.7810369	11.1879221	10.1124302	8.72754829	8.0907264	7.36265741	6.13912301	5.08667431	4.60890887	4.69881864	3.90870208	3.20779467	3.89509631
0.789272866	2.20038786	3.73681929	4.19924562	4.35166514	4.89970257	5.28712949	5.11441622	4.67603252	5.19151004	4.65554356	4.64584607	4.25997203	4.48993901	11.7718131	21.6260751	30.2622195	36.8425743	41.4810375	44.3619947	45.5933758	45.2077681	43.556337	39.7596237	32.9461111	25.7484106	20.8914663	17.0168637	13.5762444	11.1457988	10.1133133	8.80555445	8.19928698	7.40628247	6.05342738	4.9328658	4.48944418	4.57674317	3.74838491	3.03385925	3.70933964
0.809318837	2.22261439	3.78414638	4.23993913	4.32656992	4.83654004	5.28188411	5.17453343	4.67538267	5.1122294	4.57353957	4.62603902	4.26711377	4.53995811	11.6850149	21.4628802	30.0218851	36.5322818	41.1175302	43.9578889	45.1624499	44.7749305	43.1424624	39.3229809	32.54934	25.3865069	20.5308919	16.726145	13.3591944	11.0897284	10.0933711	8.87176123	8.28826761	7.42401215	5.94953722	4.76830365	4.37880704	4.46289398	3.6046067	2.87660085	3.53439595
0.821632514	2.23134836	3.82039312	4.26736097	4.28802691	4.77044654	5.27371619	5.22957915	4.67185311	5.02315603	4.49659949	4.61992153	4.31420503	4.62314461	11.6461062	21.3518697	29.8256317	36.2569523	40.7806544	43.5748477	44.749928	44.358174	42.7404429	38.9028205	32.1627543	25.0394207	20.1944226	16.4464516	13.1371	11.0208795	10.0523095	8.91872947	8.35020827	7.41353061	5.82709276	4.59432034	4.27985524	4.3594411	3.48667797	2.74773499	3.37755294
0.831970992	2.23105238	3.84649432	4.28275583	4.23769794	4.70147623	5.25935063	5.27230083	4.65942512	4.9228592	4.42447181	4.62197158	4.39002772	4.72788498	11.6505476	21.2965525	29.6802221	36.0242211	40.4777035	43.2196467	44.3623348	43.964043	42.3582157	38.5078066	31.7929883	24.7142385	19.8920001	16.1885425	12.9189156	10.9434465	9.99386161	8.94414375	8.3830802	7.37743495	5.68927982	4.41456442	4.19428724	4.2680438	3.40239877	2.65688871	3.24497079
0.846239342	2.22650546	3.86319141	4.28679004	4.17693553	4.62917059	5.23468379	5.29644207	4.63319864	4.81093637	4.35560351	4.62625041	4.48103516	4.8412047	11.6908242	21.2991204	29.5943061	35.8454439	40.2207454	42.9045961	44.012451	43.6060572	42.0103863	38.1516179	31.4506447	24.4219507	19.634103	15.9632609	12.7139622	10.8634291	9.92450865	8.94998027	8.38928138	7.32194728	5.54195855	4.234632	4.12232612	4.18935023	3.35575933	2.60897897	3.13999256
0.868875056	2.22125347	3.87017461	4.27891449	4.10612871	4.55218057	5.1952489	5.29735931	4.59022989	4.68830733	4.28786689	4.62760788	4.57437359	4.95140803	11.7576492	21.3587601	29.5762815	35.7337668	40.0250691	42.6463671	43.7184069	43.3037362	41.7165561	37.8511035	31.148717	24.1755643	19.4293043	15.7792601	12.5303809	10.7871458	9.85178669	8.9410731	8.37403143	7.25501532	5.39241636	4.06146885	4.06327889	4.12320746	3.34553965	2.60264484	3.06209221
0.901455642	2.21636401	3.865572	4.25723444	4.02447983	4.46812957	5.13664016	5.2722875	4.53002626	4.5572078	4.21940042	4.6224643	4.65998549	5.04992591	11.8415337	21.4699762	29.6307137	35.7001364	39.9054038	42.4624835	43.5002326	43.0788666	41.4971124	37.6225807	30.8999264	23.9869283	19.282001	15.6410068	12.3737918	10.7198565	9.78255432	8.92342884	8.34358372	7.18421908	5.24805644	3.90264951	4.01656415	4.0694031	3.36569065	2.63073347	3.00725847
0.94216528	2.21002222	3.84606318	4.21894845	3.9303273	4.37391637	5.05499751	5.22038016	4.45462917	4.42088825	4.14916796	4.6089763	4.731455	5.13198034	11.9343392	21.622308	29.7547328	35.748249	39.8704611	42.3656519	43.3737508	42.948829	41.3667272	37.4767329	30.7132881	23.8629523	19.1908684	15.5475484	12.2464369	10.6647966	9.72159698	8.90257746	8.30359509	7.11496356	5.11531339	3.76563087	3.98255835	4.02846116	3.40741641	2.68274412	2.96980348
0.986436548	2.19816833	3.80763037	4.16117451	3.82188153	4.26642351	4.94759567	5.14260043	4.36820337	4.28306267	4.07703092	4.58665117	4.78581071	5.19620977	12.0303357	21.8021574	29.9366657	35.8709293	39.9180136	42.357835	43.3436077	42.918937	41.3277387	37.4139102	30.5910564	23.8027065	19.1484821	15.4923749	12.1469805	10.6228011	9.67088956	8.88225053	8.25794225	7.04941615	5.05112739	3.69440104	3.98960474	4.02123754	3.47561219	2.75784584	2.95177011
1.0284497	2.1758475	3.74663212	4.08181243	3.69805238	4.14335499	4.81343316	5.0414579	4.27610444	4.14719563	4.00339898	4.55567683	4.82270362	5.24366997	12.126499	21.9959303	30.1583281	36.050565	40.0335623	42.4273856	43.3991845	42.9779286	41.3670719	37.4224632	30.5277146	23.7970274	19.1424828	15.4645847	12.0710802	10.5925872	9.62969729	8.86368466	8.20821137	6.98645727	5.00601539	3.65652418	4.01314124	4.03109844	3.54959823	2.83773607	2.94352625
1.06276601	2.13864219	3.66074657	3.98011435	3.55903646	4.00385474	4.65364039	4.92059589	4.18359758	4.01579181	3.92870437	4.51628795	4.84333079	5.27663306	12.2221605	22.1929515	30.4000904	36.2639793	40.1940388	42.5515923	43.516515	43.1000163	41.4591279	37.4815734	30.5118556	23.8310774	19.1581875	15.4511799	12.0126113	10.5715355	9.59539272	8.84570913	8.15392777	6.92257342	4.96024061	3.63999937	4.04470951	4.05325987	3.61975746	2.91335666	2.94280328
1.0854799	2.08367784	3.54946911	3.85682372	3.40648909	3.84868743	4.47158647	4.7843385	4.0946673	3.88993096	3.8529757	4.46839773	4.84935927	5.29748106	12.3183298	22.3872002	30.646189	36.4892615	40.3748196	42.7036621	43.6656167	43.2527466	41.5733701	37.567274	30.5299396	23.8885289	19.1817129	15.4397197	11.9650562	10.5565522	9.56453943	8.82548693	8.09335184	6.85330229	4.91060567	3.64306045	4.08409805	4.08880551	3.68363313	2.98205642	2.95228851
1.09466871	2.01002504	3.41410682	3.71393832	3.24328768	3.67997614	4.27268919	4.63738086	4.01142986	3.76927162	3.77569613	4.41156725	4.84204029	5.30786726	12.4169323	22.5777987	30.8882387	36.7114185	40.5566379	42.8606043	43.8193103	43.4063373	41.6826688	37.6585862	30.5698615	23.9553103	19.2023738	15.4203632	11.9224976	10.5445961	9.53375456	8.79955479	8.02450463	6.77473075	4.85430671	3.66209092	4.1302064	4.13764702	3.74065853	3.04346691	2.97595965
1.09025066	1.91858628	3.2573992	3.55424361	3.07300383	3.50065596	4.06401332	4.4847331	3.93437574	3.65256888	3.69597738	4.34524697	4.82169482	5.30826021	12.5200178	22.7685196	31.1263935	36.9252555	40.7299715	43.0088808	43.959764	43.540496	41.769132	37.741459	30.6230132	24.0217119	19.2137374	15.3868203	11.8800439	10.5328058	9.50017027	8.76481466	7.94610249	6.68466803	4.78977395	3.69216763	4.18111186	4.19812271	3.79133003	3.09846948	3.01739057
1.07350378	1.81166253	3.08295848	3.3807684	2.89925657	3.31388313	3.85373704	4.33183825	3.8632039	3.53850978	3.61295283	4.26916857	4.78771702	5.29795402	12.6289319	22.9664392	31.3684433	37.1354902	40.8963662	43.1467678	44.0814239	43.6474357	41.8265406	37.8101521	30.6849556	24.0829817	19.2135941	15.3363999	11.8339711	10.5185017	9.46164647	8.71928111	7.85819558	6.58331498	4.72554883	3.73391039	4.23875624	4.2701423	3.83879283	3.14994376	3.07938664
1.04650928	1.69240371	2.89470992	3.19630617	2.72516324	3.12264794	3.65049728	4.18461551	3.79771856	3.42653765	3.52625179	4.18378333	4.73910263	5.27553812	12.7435558	23.1797131	31.6271015	37.3545732	41.0671261	43.283802	44.190838	43.7317867	41.8601053	37.8669026	30.7554592	24.1391247	19.2034421	15.2696217	11.7819333	10.4993584	9.41695737	8.6625118	7.76239806	6.47338682	4.73922116	3.83659986	4.33962019	4.37728584	3.90396368	3.21333064	3.17109726
1.01173088	1.56432942	2.69647775	3.00314363	2.55311665	2.9297792	3.46257157	4.04916239	3.73831183	3.3173776	3.43643305	4.09066337	4.67529131	5.23965569	12.8618906	23.4146495	31.915635	37.5985254	41.2598018	43.4378854	44.3042119	43.8084272	41.8844565	37.9207047	30.8383395	24.1943763	19.1878618	15.1897166	11.7233361	10.4738043	9.36602739	8.59569744	7.66166297	6.35971446	4.76189383	3.94470445	4.44448913	4.48821887	3.96850053	3.27561422	3.27885166
0.971849694	1.43107499	2.49182385	2.80310407	2.38502928	2.73838388	3.29692393	3.93102759	3.6858477	3.21312939	3.34527674	3.99275451	4.59695211	5.18974789	12.980251	23.6728477	32.2425534	37.8813065	41.4928682	43.6304105	44.4431774	43.8987784	41.9203367	37.9854846	30.9409398	24.2563436	19.1737683	15.1020645	11.6596905	10.4414929	9.31014236	8.52143328	7.55966453	6.24842283	4.79097779	4.05109963	4.54799241	4.59570261	4.03071894	3.33533043	3.39563747
0.929846684	1.29645338	2.28419249	2.59792292	2.22298587	2.55256378	3.15837091	3.83428149	3.64111702	3.11697907	3.2558654	3.89434471	4.50636676	5.12650115	13.0940529	23.9496787	32.6072179	38.2091781	41.779637	43.880108	44.6292438	44.0258757	41.9902752	38.0776313	31.0729274	24.3346436	19.1693886	15.0134882	11.5946985	10.403641	9.25202992	8.44327735	7.46001449	6.14589621	4.82487562	4.1506788	4.64527068	4.69318305	4.08822164	3.39013325	3.51322947
0.889195283	1.16481588	2.07733746	2.38985998	2.07003244	2.3780729	3.04930029	3.76085059	3.60427201	3.03271171	3.17244329	3.80066354	4.40726573	5.05188131	13.1988316	24.2350028	32.9986333	38.5774034	42.1235096	44.1973522	44.8781192	44.2089979	42.1139442	38.2130962	31.2444272	24.4391142	19.1829769	14.9314065	11.5339668	10.3631157	9.19574815	8.36526735	7.36564705	6.0578283	4.86273437	4.24033259	4.73213033	4.77522986	4.13784844	3.43682515	3.62311516
0.853956983	1.04157098	1.87592182	2.18237962	1.93074359	2.22253153	2.97017549	3.71048659	3.57461436	2.96418227	3.10007448	3.71715114	4.30421334	4.96882755	13.291026	24.5157086	33.3981507	38.9710378	42.5168959	44.5814511	45.1959796	44.4595152	42.3046529	38.4048719	31.4641234	24.5781318	19.2216212	14.8630484	11.4844454	10.3242759	9.14636868	8.29153984	7.27862881	5.98862753	4.90406868	4.31873321	4.80532072	4.83791316	4.17595273	3.47168132	3.71732145
0.828603325	0.933620126	1.68610722	1.98072248	1.81131558	2.09495667	2.92052985	3.68133369	3.55082191	2.91475367	3.04410103	3.64856701	4.20179599	4.88078232	13.3682774	24.7786468	33.7843975	39.3694162	42.944582	45.022607	45.5796404	44.7799236	42.5686382	38.6619096	31.7382654	24.7577695	19.2906688	14.8150334	11.4538068	10.2926414	9.10946392	8.22607244	7.20039126	5.94127471	4.94858377	4.38626738	4.86306198	4.87925581	4.19915245	3.4911936	3.78924615
0.817508645	0.849405901	1.51589347	1.79221541	1.71915578	2.00466561	2.89983197	3.67072213	3.53142021	2.88664771	3.00941046	3.59819634	4.10390057	4.79123108	13.4293132	25.0127409	34.137868	39.7520336	43.3898249	45.5076392	46.020765	45.1668174	42.907648	38.9898754	32.0710675	24.9821574	19.3940389	14.7934579	11.4498979	10.2744514	9.09042981	8.17244957	7.13211996	5.9174865	4.99627407	4.44516651	4.90568771	4.89971134	4.20539692	3.49311781	3.8345051
0.824207669	0.798236999	1.37491822	1.62615849	1.66210667	1.95989901	2.90781891	3.67583054	3.51524745	2.88030308	2.99960979	3.56739385	4.01328279	4.70334968	13.4736562	25.209954	34.4436944	40.1033691	43.8400164	46.0261349	46.5117234	45.6161824	43.3231667	39.3928706	32.4659706	25.2546068	19.5351141	14.804265	11.4802228	10.2761154	9.09373063	8.13355136	7.07497324	5.91787417	5.04758434	4.49956678	4.93606659	4.90244343	4.19492492	3.47746105	3.85161579
0.850616763	0.788629743	1.27342847	1.4930978	1.6474328	1.96657835	2.94433533	3.69407354	3.50175813	2.8940259	3.01628344	3.55554894	3.93145077	4.61975016	13.5013491	25.365406	34.692579	40.4153985	44.2893648	46.5735299	47.0495551	46.1276536	43.8191816	39.8744503	32.9264996	25.5785077	19.7174726	14.8534466	11.5513199	10.3035529	9.12223049	8.11119221	7.02998058	5.9418375	5.10333343	4.5551076	4.9594436	4.8931261	4.17064791	3.44696685	3.84223688
0.896443485	0.825801854	1.22036157	1.4033729	1.68060494	2.02741031	3.00892321	3.7232146	3.49110694	2.92419172	3.0584959	3.56035291	3.85873054	4.54225127	13.5127407	25.4770247	34.880523	40.6876961	44.7378719	47.1496759	47.6356166	46.7047671	44.4010632	40.4367392	33.4556705	25.9571934	19.9448232	14.946742	11.667992	10.3614789	9.17679448	8.10586208	6.99772995	5.98720119	5.16427788	4.61783087	4.98250298	4.87907216	4.13769095	3.40679934	3.81075985
0.958976404	0.909246739	1.22103428	1.36515957	1.76398549	2.14132043	3.10035763	3.76125664	3.48403325	2.96600325	3.12265374	3.57818334	3.79436787	4.47164946	13.5082973	25.5449822	35.0079617	40.925537	45.1876617	47.7541663	48.2711349	47.3506621	45.0707719	41.0779245	34.0540158	26.3928028	20.2200958	15.0888874	11.8325389	10.4527675	9.25624932	8.11672364	6.9781036	6.04991638	5.23048353	4.69251839	5.01175225	4.86771952	4.10215738	3.36342748	3.76326969
1.03337222	1.03189353	1.27547957	1.38263783	1.89577808	2.30319436	3.21626622	3.80623194	3.48166833	3.01456121	3.20285217	3.60454765	3.73666999	4.40760418	13.4884608	25.5710904	35.0787026	41.1366311	45.6387611	48.381483	48.951444	48.0617502	45.8214649	41.7899193	34.717543	26.885091	20.544335	15.2828466	12.0443002	10.5780563	9.35766365	8.14191119	6.97030637	6.12426103	5.30085374	4.78103357	5.05166984	4.86481302	4.06952327	3.32305298	3.70616432
1.11342029	1.18174638	1.37831686	1.4549722	2.06971133	2.50404358	3.35296937	3.85607634	3.48544056	3.06593812	3.2918042	3.63466771	3.68333575	4.34882901	13.4536508	25.5582984	35.0988765	41.3275138	46.0863703	49.0187892	49.6625143	48.8235221	46.6353458	42.5582892	35.4372961	27.4313521	20.916293	15.5295119	12.2997884	10.7357206	9.47683561	8.17905994	6.97328801	6.20374858	5.37310658	4.881442	5.10328902	4.8728851	4.04327874	3.29018004	3.6449286
1.19258804	1.34529002	1.52017076	1.57641829	2.27568818	2.7317558	3.50563861	3.90873636	3.4971637	3.11800646	3.38223719	3.66423778	3.63208396	4.29367253	13.4044815	25.5103749	35.0759732	41.5009615	46.5205746	49.6471572	50.381748	49.6113208	47.4864075	43.3650829	36.2011657	28.0277765	21.3331276	15.8280025	12.5934357	10.9222065	9.6088516	8.22591273	6.98645682	6.28252853	5.44426244	4.98842512	5.16380928	4.89065009	4.02437931	3.26694348	3.5835648
1.26504323	1.5109037	1.68988648	1.73745516	2.50126521	2.97247107	3.6687712	3.96253114	3.51919754	3.17084149	3.46833739	3.69018993	3.58148019	4.24093401	13.342125	25.4317423	35.0179287	41.655419	46.9281203	50.2449688	51.0822152	50.3954853	48.3464311	44.1931188	36.9969791	28.6713023	21.7917216	16.1761957	12.9186266	11.1325568	9.74857561	8.28081968	7.01039956	6.35674932	5.51145981	5.0948435	5.22739692	4.91358099	4.01172279	3.25351189	3.52491528
1.32639426	1.67089361	1.8766355	1.92656445	2.73354353	3.21237878	3.8368468	4.01663452	3.55441147	3.22655805	3.54669869	3.71116975	3.5316608	4.19057433	13.2686213	25.3273316	34.9322371	41.7862477	47.2950823	50.7916112	51.7378529	51.1478424	49.1910355	45.0293928	37.8151066	29.3604784	22.2896335	16.5709813	13.2685442	11.3609233	9.89097482	8.34298795	7.04725935	6.42535066	5.57277581	5.19371316	5.28680238	4.93540709	4.00339936	3.24937915	3.47166921
1.37404103	1.82178791	2.07125148	2.13205985	2.96089382	3.43946248	4.00491567	4.07141836	3.60571144	3.28852801	3.61642069	3.72749859	3.48461198	4.14398598	13.1869219	25.2023337	34.8251649	41.8876825	47.6092437	51.2702114	52.3275456	51.84677	50.0034019	45.8661236	38.649372	30.0945502	22.8249824	17.0080238	13.63655	11.600975	10.0312915	8.41245078	7.10052388	6.49000519	5.62771798	5.27975609	5.33512111	4.94989605	3.99813706	3.25492113	3.42746271
1.40717007	1.96329591	2.26653666	2.34335465	3.17400469	3.64465432	4.16887073	4.12839411	3.67516568	3.36014141	3.67839621	3.74063532	3.44380721	4.10366781	13.1005632	25.0618021	34.7012497	41.9544756	47.86158	51.6690704	52.8373549	52.4797381	50.7750276	46.6995303	39.4962448	30.8713192	23.3953933	17.4812865	14.0161655	11.846261	10.165169	8.48985183	7.17421226	6.55426613	5.67718615	5.35006326	5.36710301	4.95227856	3.99632984	3.27245813	3.39738423
1.42649447	2.0966183	2.4567404	2.55139924	3.36608586	3.82212213	4.32531945	4.18964295	3.7631004	3.44352326	3.73418474	3.75238954	3.41324814	4.07239605	13.0130343	24.9101824	34.5632362	41.9828692	48.0468423	51.9820364	53.2611391	53.0434786	51.5040975	47.5275267	40.3531973	31.6852437	23.996803	17.9827999	14.4009679	12.0906416	10.2888568	8.57620208	7.2717394	6.62226863	5.72295627	5.40393143	5.37976543	4.93997924	4.00025708	3.30627257	3.38745344
1.43384102	2.22280594	2.63675511	2.74851489	3.53247564	3.96882226	4.47119016	4.25686115	3.86760538	3.5386656	3.7849681	3.76420541	3.39617502	4.05217491	12.9270388	24.7509027	34.412434	41.9710118	48.1635085	52.2081861	53.6000344	53.5422889	52.1925611	48.3476242	41.2172328	32.5269904	24.6228916	18.5029725	14.7846664	12.3288024	10.3995256	8.67270459	7.39492312	6.69748044	5.76698448	5.4422873	5.37244148	4.91270002	4.01345088	3.36147475	3.40315032
1.43167084	2.34170183	2.80159567	2.92811445	3.67011109	4.08372356	4.60334043	4.33035223	3.98461444	3.6432062	3.83091083	3.77669765	3.39384835	4.04333703	12.843914	24.5861686	34.2493202	41.9190193	48.2133594	52.3510895	53.8610998	53.9849924	52.8430303	49.1556978	42.0840887	33.3845184	25.265308	19.0313365	15.1613809	12.5567253	10.4955986	8.78058753	7.54351277	6.78191574	5.81089044	5.46715336	5.34657844	4.87213349	4.03950593	3.44212671	3.44759882
1.42261173	2.45168773	2.94642986	3.08468429	3.77722003	4.16710698	4.71841224	4.40836426	4.10840393	3.75278807	3.87099314	3.78943095	3.40482452	4.04413636	12.7634371	24.4170512	34.074177	41.8288225	48.2008477	52.4178172	54.0552716	54.3812743	53.4563557	49.945574	42.9480557	34.2448439	25.9143739	19.5574008	15.5259786	12.7719494	10.5769486	8.9007911	7.71527671	6.87593903	5.85580224	5.48139247	5.30552629	4.82157895	4.08084444	3.54942945	3.52026497
1.40907959	2.55010395	3.06704535	3.21407236	3.85331916	4.22015055	4.81302105	4.48704737	4.23226583	3.86179476	3.90323543	3.8008646	3.42500143	4.05101307	12.6841185	24.2438682	33.8876206	41.7038816	48.1323705	52.4177886	54.1948185	54.7383974	54.0303529	50.70914	43.8021455	35.0955911	26.5599457	20.0713942	15.87435	12.9735596	10.6448718	9.03345078	7.90636971	6.97849154	5.90248123	5.48867616	5.25433969	4.76557126	4.13794586	3.68081122	3.61681215
1.39305119	2.63399753	3.16043236	3.31386823	3.89936895	4.24479113	4.88417998	4.56104329	4.34921729	3.96427356	3.9252018	3.80845508	3.44841067	4.05943845	12.6038768	24.0667392	33.6909388	41.5488083	48.0155127	52.3615382	54.290748	55.059265	54.5597756	51.4367961	44.6384417	35.9259582	27.1923181	20.5648731	16.2035892	13.161954	10.7018278	9.17734469	8.11167469	7.08746872	5.95149978	5.49344207	5.19944384	4.70946207	4.20928899	3.83030249	3.73015231
1.3760066	2.70085312	3.22519735	3.38361967	3.91786714	4.2437374	4.9297699	4.62447141	4.45270718	4.05490419	3.93467021	3.80899672	3.46845228	4.06500543	12.5208313	23.8861264	33.486202	41.3689269	47.8583183	52.2595066	54.3508659	55.3422609	55.037331	52.1182164	45.4485613	36.7271776	27.8031075	21.0312083	16.5120503	13.3384603	10.7509796	9.32959806	8.32502598	7.20006363	6.00327508	5.50059967	5.14799068	4.65883139	4.29186298	3.98989273	3.85213158
1.35899788	2.74909097	3.2616793	3.42475615	3.91273298	4.22050211	4.94890261	4.67197926	4.53728748	4.12987317	3.93033862	3.79925267	3.47917423	4.06435616	12.4339085	23.703187	33.2761766	41.1698413	47.6686741	52.121044	54.3791255	55.5825963	55.4553275	52.7433676	46.2241476	37.4926585	28.3859671	21.4658904	16.7992214	13.504838	10.7955805	9.48581759	8.53940822	7.31300986	6.05788575	5.5148693	5.10686349	4.61869299	4.38185725	4.1511386	3.97508515
1.34275501	2.7782578	3.27177545	3.44024247	3.88894875	4.17936672	4.94211127	4.69958754	4.59917204	4.18748661	3.91240358	3.77677093	3.47627274	4.05563927	12.3430591	23.5198712	33.0641535	40.9571346	47.4539343	51.9538725	54.3763883	55.7744573	55.807448	53.3036342	46.9572824	38.2179202	28.9369579	21.8665739	17.0653913	13.6626929	10.8382961	9.64057499	8.74724245	7.42271801	6.11473206	5.53984478	5.08150832	4.59263824	4.47520336	4.30639704	4.09275606
1.32774087	2.78893465	3.25854987	3.43406671	3.85201151	4.12522903	4.91135377	4.70518533	4.63657003	4.22833923	3.8828246	3.74060747	3.45761442	4.03838654	12.2490437	23.3388114	32.8538515	40.7363404	47.2209064	51.7641866	54.3421241	55.9131871	56.0901925	53.7928233	47.6407754	38.90033	29.4544954	22.232848	17.3111773	13.8128743	10.8806	9.78801103	8.94079313	7.5253316	6.17220774	5.5770877	5.07495307	4.58220479	4.56789303	4.44947523	4.20052049
1.31412294	2.78244633	3.2257234	3.41067125	3.80729682	4.06330978	4.8598228	4.68864021	4.64969181	4.25490766	3.84511295	3.69163406	3.42320272	4.0129205	12.1529252	23.1631344	32.6495167	40.5132426	46.9762251	51.5573589	54.2763197	55.9969515	56.3036925	54.2078486	48.2684013	39.538653	29.9389366	22.5658219	17.5370695	13.9549979	10.9224172	9.92238548	9.11266969	7.61677709	6.22759039	5.62565637	5.08736552	4.58671755	4.65617737	4.57583067	4.29518013
1.30170881	2.76049633	3.17715785	3.37441223	3.75946553	3.99872894	4.7915672	4.65156454	4.64039388	4.27059343	3.80359524	3.63224557	3.3746405	3.97958271	12.0555296	22.996336	32.4562254	40.2944209	46.7269936	51.3389804	54.1810069	56.0276328	56.4518188	54.5489867	48.8351898	40.1324454	30.3919511	22.8676561	17.7431605	14.0872709	10.9621578	10.0385408	9.256379	7.69292544	6.27728957	5.68232541	5.11626545	4.6036318	4.73675324	4.68254371	4.37464563
1.28994309	2.72486158	3.11644771	3.32912563	3.71205531	3.93601809	4.71096944	4.59683543	4.6115393	4.27848786	3.76230673	3.5655406	3.31427959	3.93812143	11.957138	22.8422886	32.2802617	40.0878324	46.4814667	51.1158554	54.0611276	56.0109574	56.5417059	54.8197135	49.337784	40.6813851	30.8158332	23.141142	17.9291496	14.2067401	10.9971784	10.1323229	9.36687478	7.74995742	6.31743516	5.74242313	5.15721351	4.62919151	4.80696194	4.76821325	4.4377204
1.27804099	2.67724323	3.0466954	3.27787962	3.66736743	3.87868413	4.62217787	4.52799984	4.56625475	4.28033201	3.72388633	3.49430353	3.24435682	3.88746822	11.857539	22.7053291	32.129352	39.9031803	46.2495288	50.8966478	53.9247187	55.956022	56.5829376	55.0262191	49.7747699	41.1847151	31.2128759	23.3893666	18.0945829	14.3099286	11.0245434	10.2009625	9.44102346	7.78491415	6.34463396	5.80093469	5.20467376	4.65917422	4.8649963	4.83284782	4.48404067
1.26525169	2.61929103	2.97047856	3.22296933	3.62667422	3.82895207	4.52862664	4.44869951	4.50730806	4.27610985	3.68891953	3.42022654	3.16642667	3.82594279	11.756375	22.5902675	32.0125324	39.7518635	46.0428036	50.6920508	53.7825709	55.8744703	56.5866744	55.1767535	50.1468592	41.6410301	31.5848709	23.6154285	18.2391759	14.3936574	11.0418326	10.2433386	9.47788246	7.79627789	6.35665679	5.8534681	5.25282296	4.6896054	4.910136	4.87778271	4.51412023
1.25116462	2.5527434	2.88995764	3.16614125	3.59065947	3.78777239	4.43276835	4.36222344	4.43677724	4.26439421	3.6560023	3.34369752	3.08127867	3.75176805	11.6535894	22.502125	31.9394734	39.6463759	45.8743131	50.5145047	53.6475718	55.7795836	56.5649366	55.2809562	50.456876	42.0485321	31.9327235	23.8221172	18.3630217	14.4557687	11.0477172	10.2600131	9.47870702	7.78436372	6.3528682	5.8968405	5.29621924	4.71742814	4.94302296	4.90561131	4.52940266
1.23594894	2.47959707	2.80705107	3.10894559	3.55991374	3.75509114	4.33608632	4.27124638	4.3560547	4.24317597	3.62245924	3.26420206	2.98931806	3.66371233	11.5497578	22.4454549	31.9191429	39.5990195	45.7575753	50.3774683	53.5338523	55.685438	56.5300834	55.3492419	50.7095354	42.4056346	32.2561315	24.0114893	18.466562	14.4955456	11.0421601	10.2530057	9.4466845	7.75136066	6.334327	5.9292662	5.3303237	4.74110461	4.96591087	4.92006419	4.53222806
1.22044811	2.40223382	2.72360811	3.05305133	3.53528118	3.73028027	4.23935408	4.17775463	4.26610041	4.21073424	3.58536555	3.181109	2.89120758	3.56168679	11.4461703	22.4232388	31.9577764	39.6197467	45.7048952	50.29406	53.4556064	55.6060228	56.4942757	55.3921471	50.9109699	42.7115613	32.5533352	24.1844015	18.5503661	14.5138177	11.0263177	10.2254201	9.3865074	7.70100663	6.30359679	5.95028159	5.35188653	4.7610394	4.98273254	4.92574717	4.52566243
1.20609945	2.32345517	2.64151301	3.00036035	3.51790833	3.71256524	4.14301561	4.08311288	4.16779446	4.16622562	3.54246621	3.09447974	2.78850706	3.44718231	11.3446719	22.4356315	32.0564596	39.7131826	45.7246488	50.274769	53.4252373	55.5539648	56.4685405	55.4194212	51.0679102	42.9665588	32.8210499	24.340205	18.614915	14.5129079	11.002382	10.1811312	9.30396126	7.63803227	6.26436513	5.96057306	5.35920472	4.77964427	4.9987995	4.92769023	4.51319857
1.19469337	2.24639303	2.56266588	2.9528405	3.50896391	3.70130151	4.04752603	3.98820596	4.06226179	4.10992154	3.49274228	3.00559184	2.68410636	3.32349835	11.2474063	22.4791428	32.2092491	39.8756544	45.8179728	50.3243212	53.4506696	55.5385634	56.4611791	55.4387168	51.1864985	43.171538	33.0546768	24.4767983	18.660589	14.4965785	10.9735699	10.1246879	9.20565665	7.5675899	6.22097985	5.9618117	5.35225012	4.80088006	5.02002366	4.93073857	4.49838823
1.18803364	2.17429445	2.48883556	2.91213892	3.5091407	3.69603231	3.9535434	3.8935989	3.95110896	4.04320742	3.43659267	2.91701633	2.58234657	3.19576395	11.1566522	22.5468632	32.4030737	40.0938764	45.9762642	50.4386887	53.5323946	55.5633858	56.475766	55.4540768	51.2709461	43.3272867	33.2487625	24.5910578	18.6878978	14.469967	10.9442431	10.0613925	9.09889443	7.49486271	6.17799018	5.95650621	5.33265347	4.82925735	5.05173427	4.93889312	4.48449108
1.18760087	2.11022682	2.42145944	2.87916868	3.51815912	3.69636258	3.86196481	3.79968385	3.83657159	3.96849461	3.3757345	2.83224352	2.48878776	3.07075068	11.0748415	22.6298291	32.6199372	40.3466127	46.1812176	50.6039099	53.6616038	55.6243835	56.5095767	55.4648118	51.3225036	43.4336731	33.3975907	24.6794759	18.6978085	14.4393085	10.919888	9.9973199	8.9915121	7.42492467	6.13973999	5.94781143	5.30351093	4.86853893	5.09740225	4.95476006	4.47423247
1.19431943	2.05678479	2.3615089	2.85389465	3.53451359	3.7017564	3.77388678	3.70680841	3.72158788	3.88912371	3.31294373	2.75498313	2.40960636	2.95644139	11.0046606	22.7189388	32.8405542	40.6089358	46.4079987	50.7978874	53.8207588	55.7097029	56.5534232	55.4654384	51.3392439	43.4892983	33.4958234	24.7387947	18.6919603	14.4111947	10.9066031	9.93897512	8.89150897	7.36274005	6.11000557	5.93919669	5.2689688	4.92061376	5.15773529	4.97927303	4.46973954
1.20846484	2.01586123	2.30949395	2.83543999	3.55560881	3.71137802	3.6905875	3.61539643	3.60978861	3.80923395	3.25171258	2.68837548	2.35064664	2.86129457	10.949005	22.8065462	33.0477729	40.8571082	46.6302784	50.9947161	53.9868096	55.8016861	56.5932985	55.4469259	51.3168287	43.4918071	33.539147	24.7664876	18.672598	14.3913047	10.9099209	9.89242936	8.80631937	7.31305476	6.09163048	5.93390153	5.23355932	4.98496665	5.23049672	5.01175745	4.4726371
1.22967275	1.98849037	2.26558328	2.82246425	3.57826349	3.72405561	3.61357094	3.52607304	3.50535475	3.73350518	3.19585147	2.63439188	2.31625052	2.79317619	10.9105856	22.8871564	33.2285786	41.0720889	46.8249077	51.1696637	54.1358013	55.8804049	56.6132792	55.398825	51.2499423	43.4386843	33.5248375	24.7610317	18.6421708	14.3829022	10.9331945	9.86206094	8.74177241	7.27995491	6.0861235	5.93420062	5.20132835	5.05880685	5.31103692	5.05023023	4.48414753
1.25699606	1.97474581	2.22976269	2.81364959	3.59940401	3.73838313	3.54461804	3.43978431	3.41267469	3.66668548	3.14903366	2.59360018	2.30813195	2.75804137	10.8911661	22.9571628	33.3744406	41.2408656	46.9746406	51.3028553	54.246991	55.9273243	56.598541	55.3114469	51.1337814	43.3281306	33.4521143	24.7219702	18.6027019	14.3857093	10.9761764	9.8493264	8.70097619	7.26606774	6.09325459	5.94063919	5.17490402	5.13755735	5.39318734	5.09172146	4.50498112
1.28900863	1.97370733	2.20198495	2.80812896	3.61670872	3.75291863	3.48571232	3.35785831	3.33577443	3.61290594	3.11427926	2.56525671	2.32467016	2.7586198	10.8906505	23.0139738	33.4804869	41.3559917	47.0686592	51.3808006	54.3052062	55.9278684	56.5374849	55.1773823	50.9650861	43.1596611	33.3221898	24.6498095	18.5551816	14.3957283	11.0344967	9.85208554	8.68348775	7.27163518	6.11076365	5.95150467	5.15474516	5.21537132	5.47012508	5.13249295	4.53493392
1.32400006	1.98354223	2.18230833	2.80574413	3.6290044	3.76639892	3.4387008	3.28191953	3.27760811	3.57492976	3.09342174	2.54753811	2.36095117	2.79351074	10.9064048	23.0550485	33.5442265	41.4142062	47.1016084	51.396086	54.3013011	55.8724405	56.4226007	54.9921108	50.7425321	42.9342981	33.1380315	24.5458186	18.4992707	14.4061392	11.1003546	9.86479742	8.68509349	7.29384578	6.13433529	5.9627808	5.13881263	5.28557835	5.53503098	5.16822101	4.57236048
1.36027649	2.00171544	2.17099997	2.80705888	3.63630691	3.777879	3.40466821	3.21359969	3.23944038	3.55360413	3.08668703	2.53777867	2.40962408	2.85707987	10.9331751	23.0772964	33.5644242	41.414943	47.0720738	51.3460917	54.2313325	55.7561769	56.2502907	54.753872	50.4666097	42.6544348	32.903927	24.4117871	18.4334553	14.408871	11.1641246	9.87951905	8.69834403	7.32678201	6.15796515	5.96867482	5.1227982	5.34116017	5.5815791	5.19430058	4.61386323
1.39649457	2.0252698	2.16851664	2.81307871	3.6394959	3.78672983	3.38322538	3.15410798	3.22060621	3.54777133	3.09257303	2.5327484	2.46229304	2.94029888	10.9637373	23.0770611	33.5404572	41.3592091	46.9811807	51.2315265	54.0952422	55.5780284	56.0201309	54.4631442	50.1392418	42.323525	32.6249588	24.2497865	18.3555516	14.39622	11.2161891	9.88733471	8.71374813	7.36213288	6.17473967	5.96259479	5.10086811	5.37534555	5.60435007	5.20633513	4.65449307
1.43188671	2.05108716	2.17526796	2.82470273	3.6397115	3.79248437	3.37208596	3.10384575	3.21879085	3.55470271	3.10815271	2.52909131	2.51098979	3.0323001	10.9900983	23.0506134	33.472179	41.2489687	46.8316166	51.0552356	53.8956041	55.3397017	55.734006	54.1220411	49.7633548	41.9457289	32.3064829	24.0619713	18.2633026	14.3620303	11.2483713	9.87977784	8.72132667	7.39051952	6.17789123	5.93829447	5.06671524	5.38228008	5.59919375	5.20070643	4.68850042
1.46624879	2.07608062	2.19116406	2.84206233	3.63765441	3.79458809	3.36723132	3.06224078	3.23068335	3.57084632	3.12973532	2.52395354	2.5493566	3.12217039	11.0048659	22.994889	33.360116	41.0869372	46.6270973	50.8214225	53.6366954	55.0447762	55.3953772	53.7338044	49.3425267	41.5255894	31.9536986	23.8504529	18.1548212	14.3022503	11.2546962	9.84994191	8.71213453	7.40303529	6.16185068	5.89087011	5.01463792	5.35762713	5.56349605	5.17502157	4.71037483
1.49965723	2.09732519	2.21509793	2.8640045	3.63302759	3.79216011	3.3636498	3.0278342	3.25264307	3.5925285	3.15363593	2.5156647	2.57337254	3.20051702	11.0024073	22.9081795	33.2057722	40.8766077	46.372151	50.5352387	53.3239294	54.6981081	55.0087813	53.3024613	48.8807518	41.0677756	31.5714041	23.617266	18.0287876	14.2149428	11.2315651	9.7931783	8.67941746	7.39255241	6.12299653	5.81738488	4.94039894	5.29896509	5.49629586	5.12827253	4.71576279
1.53201227	2.11215641	2.24461358	2.88796605	3.6243347	3.78388842	3.35635259	2.99854483	3.28107882	3.61634327	3.17677456	2.50424651	2.58161924	3.2605327	10.9795679	22.79059	33.0118783	40.6223536	46.0720854	50.2026322	52.9635879	54.3055125	54.5795562	52.8326444	48.382326	40.576931	31.1639987	23.3644194	17.8844592	14.0999691	11.1776053	9.70743826	8.61924948	7.35450785	6.05992291	5.7170546	4.84173103	5.20592877	5.39824	5.06067504	4.70194332
1.56260062	2.11826454	2.27598464	2.91033982	3.60913543	3.76815729	3.34133741	2.97207105	3.31253316	3.63922617	3.19697314	2.49156454	2.57516092	3.29849318	10.9358911	22.6442029	32.782511	40.3295222	45.7330347	49.8303536	52.562769	53.8736671	54.1137561	52.3295544	47.8518402	40.0576722	30.735717	23.094017	17.7216451	13.9585923	11.0934522	9.59338495	8.53069493	7.28713434	5.97325353	5.59107732	4.71848617	5.0801335	5.27141349	4.9732907	4.66778389
1.58987653	2.11380547	2.30475491	2.92722038	3.58468196	3.74342508	3.31632438	2.94645904	3.34372835	3.65843164	3.21301052	2.48104547	2.55712508	3.31373726	10.873388	22.4729751	32.5230832	40.0044931	45.362041	49.4260528	52.1294774	53.4101773	53.6182151	51.799043	47.2942775	39.5147774	30.2910118	22.8084548	17.5407941	13.7931922	10.9816077	9.45437953	8.41565404	7.19129475	5.86520801	5.44228108	4.57252483	4.92497252	5.11910679	4.86760853	4.61333445
1.61156282	2.0975283	2.32655237	2.93523672	3.54869409	3.70874853	3.28121029	2.92080461	3.37183007	3.67165406	3.2245772	2.4769805	2.53205335	3.30822087	10.7959608	22.2824467	32.2402503	39.6547174	44.9671585	48.9984222	51.6728013	52.9237433	53.1007134	51.2477925	46.7151999	38.9535711	29.8349712	22.510717	17.3432705	13.6071756	10.8463908	9.29635472	8.27853813	7.07012455	5.73918449	5.27477395	4.40747697	4.74538034	4.94557313	4.74524437	4.53933322
1.62502813	2.06887567	2.33783781	2.93213352	3.49996349	3.66423431	3.2381809	2.89586739	3.39492522	3.67735544	3.23220591	2.4835339	2.5050986	3.28577132	10.7086407	22.0793741	31.9418033	39.2887737	44.5575818	48.5573438	51.2031018	52.4243495	52.5701818	50.6835457	46.120993	38.3804599	29.3736742	22.2047619	17.1317712	13.4050525	10.6938862	9.12747931	8.12581291	6.92860094	5.59952475	5.0937057	4.22847282	4.54761683	4.75580053	4.60783599	4.44687509
1.6277907	2.02798049	2.33629491	2.91688306	3.43855908	3.61116873	3.19135873	2.87422809	3.41241473	3.67512705	3.2371322	2.50370242	2.48120481	3.25122419	10.6168537	21.8714305	31.636644	38.9164836	44.1437897	48.1139736	50.7321057	51.9233571	52.0368333	50.1153049	45.5191067	37.8035157	28.91441	21.895889	16.9107221	13.1925639	10.5317348	8.95745435	7.96533788	6.77303006	5.45142775	4.90511767	4.04186322	4.33907247	4.5552981	4.4571226	4.33737031
1.61798241	1.97550854	2.3207695	2.8893364	3.36560016	3.55167853	3.14587762	2.85966814	3.42493127	3.66578404	3.2409822	2.53855676	2.46445401	3.20965341	10.5259278	21.6670991	31.3349114	38.5491015	43.7376692	47.6806821	50.2727695	51.4333555	51.512093	49.5533852	44.9182101	37.2329363	28.4656842	21.5908848	16.686422	12.9767063	10.3686101	8.7963413	7.80541859	6.61038368	5.30080878	4.71573773	3.85487156	4.12804773	4.34988611	4.29513342	4.21275362
1.5946608	1.91238292	2.29088837	2.84963479	3.28276072	3.48798158	3.10644	2.8557384	3.43359399	3.65096771	3.24524499	2.58700184	2.45768646	3.16582595	10.4409452	21.4757722	31.048241	38.1995279	43.3525461	47.2707869	49.8388123	50.9676727	51.0082256	49.0092217	44.3281808	36.6811452	28.0369218	21.2977199	16.4667112	12.7654952	10.2133019	8.65302597	7.65362264	6.4474833	5.15388413	4.5325449	3.67507698	3.92342593	4.14546955	4.12437512	4.07575795
1.55792993	1.83951866	2.24660978	2.79769113	3.19175472	3.42149926	3.07570092	2.86392552	3.4388121	3.63229151	3.25062191	2.64602989	2.46231155	3.12384616	10.3668391	21.3078655	30.7899677	37.8823633	43.002984	46.8980486	49.4439175	50.5395574	50.5376525	48.4948746	43.7598793	36.1622406	27.6377866	21.0246694	16.2600421	12.5673353	10.073475	8.53368375	7.51562513	6.29017696	5.01641615	4.36201441	3.50964231	3.73413687	3.94774994	3.9478981	3.93000561
1.50888642	1.7577153	2.18793553	2.73297606	3.09398767	3.35220111	3.05307245	2.88219779	3.43920444	3.61036516	3.25645924	2.71122206	2.47811542	3.08683511	10.3084698	21.1745595	30.5748763	37.6134528	42.7041109	46.5758819	49.1006733	50.161135	50.1120242	48.022234	43.2246837	35.6905716	27.2770915	20.7789278	16.0740249	12.38996	9.95435178	8.44074333	7.39447278	6.14275667	4.89278841	4.2091383	3.36430151	3.56832637	3.76181516	3.76915195	3.77973902
1.44943422	1.66776914	2.11488564	2.6546623	2.99041283	3.27846075	3.03451442	2.90469974	3.43123722	3.58414637	3.26047369	2.77724358	2.50298044	3.0565258	10.2703897	21.0867268	30.4179843	37.4084745	42.4701732	46.3161565	48.8192961	49.8422201	49.7411102	47.6019347	42.7337515	35.278546	26.961439	20.5650652	15.9137948	12.2390942	9.85768691	8.37270756	7.29055242	6.00781394	4.78526376	4.07653131	3.24232683	3.4322655	3.59160089	3.59163095	3.62919903
1.38201853	1.57072734	2.02768673	2.56200491	2.88151368	3.19744978	3.01346178	2.92283459	3.40979985	3.55088734	3.2588557	2.83821071	2.53266847	3.03280804	10.2561268	21.0528627	30.3320218	37.2803271	42.3121913	46.1274798	48.6061566	49.5890098	49.4315592	47.2420347	42.2970057	34.9343333	26.6940009	20.383896	15.7807866	12.117246	9.78138648	8.32485308	7.20225484	5.88654617	4.69379692	3.9640517	3.14391585	3.32926355	3.43935981	3.41844166	3.48188273
1.30932304	1.46811072	1.92702837	2.45474681	2.76731112	3.10583645	2.98247347	2.92724252	3.36939524	3.50660488	3.2466764	2.88794529	2.56095362	3.01340364	10.2670583	21.0764589	30.3239617	37.2357567	42.2351594	46.0131987	48.462312	49.4028092	49.1857142	46.9466828	41.9219682	34.6604814	26.4739934	20.2323096	15.6724713	12.0231232	9.71994202	8.29051182	7.12702684	5.77932723	4.61656555	3.86923906	3.06644255	3.25905381	3.30541624	3.25202062	3.34003807
1.23396133	1.36193564	1.81422024	2.33334998	2.6473402	3.00045973	2.93489346	2.9097993	3.30534013	3.44678328	3.21845382	2.92021528	2.58028763	2.99390066	10.3012425	21.1539278	30.3918959	37.272514	42.2358923	45.9698612	48.3825936	49.2792313	49.0008898	46.7152183	41.6127312	34.4540717	26.2971291	20.1041758	15.5831835	11.9519512	9.66556171	8.26248467	7.06235667	5.68624778	4.55101932	3.78847848	3.00565744	3.21807967	3.18846613	3.09419217	3.20466781
1.15818062	1.2544563	1.69112877	2.19893525	2.52060268	2.87875867	2.8659711	2.86494821	3.21451931	3.36703982	3.16876572	2.92907215	2.58291871	2.96829753	10.3528011	21.274255	30.5239277	37.3785338	42.3026662	45.9869804	48.3558409	49.2083726	48.8695196	46.5421184	41.3693418	34.3080676	26.1567211	19.9918444	15.5055835	11.8965274	9.6096186	8.2341668	7.00629749	5.60736951	4.49496108	3.7183955	2.95739637	3.20073633	3.08644173	2.94656592	3.07603526
1.08360087	1.14768224	1.55987432	2.0529443	2.38555147	2.73894334	2.77328451	2.79016438	3.09560219	3.26363467	3.09284579	2.90932464	2.56215697	2.93002594	10.4123547	21.4207471	30.6998966	37.5337227	42.4169628	46.0483494	48.3663724	49.1760543	48.7801913	46.4178185	41.1876153	34.2128414	26.0447622	19.8874929	15.432035	11.8485245	9.54395498	8.20014316	6.95738473	5.54261916	4.44719694	3.65689616	2.91908535	3.20112888	2.99763117	2.81104424	2.95436911
1.01103728	1.04285465	1.42240334	1.89667863	2.24019146	2.58004699	2.65662803	2.6857384	2.94889766	3.13382559	2.98710451	2.8570664	2.51341819	2.87320492	10.4685312	21.5741549	30.8952445	37.7136098	42.5565819	46.1344021	48.3961667	49.16569	48.7191562	46.3299974	41.0591971	34.157067	25.9524981	19.7838434	15.3554086	11.7995585	9.46171924	8.15627109	6.91414169	5.49147524	4.40758285	3.60353912	2.89049123	3.21464011	2.92156676	2.6901119	2.8403634
0.940473178	0.940125174	1.28014759	1.73095592	2.08236944	2.40201884	2.51761923	2.55418499	2.7760633	2.97609361	2.84949693	2.77008853	2.43477293	2.79374438	10.5100098	21.7159365	31.0854068	37.8934343	42.6989948	46.2248366	48.4270679	49.1602066	48.6718223	46.2648515	40.9718279	34.1279078	25.8705328	19.674269	15.2692922	11.7418042	9.35766568	8.09947088	6.87457772	5.45269566	4.37658614	3.55928809	2.87355252	3.23872936	2.85928998	2.58668402	2.73521507
0.871221647	0.838615514	1.13396848	1.55608768	1.91026244	2.20591545	2.35920582	2.39950926	2.57977787	2.79023359	2.67966051	2.64801967	2.32689191	2.68995295	10.5273354	21.8306732	31.2492839	38.0514571	42.8240772	46.3009202	48.4425982	49.1436861	48.6239921	46.2081462	40.9100314	34.1110416	25.788866	19.5526506	15.1679239	11.6682381	9.22806817	8.02747678	6.83599403	5.42421125	4.35457654	3.52586871	2.87142824	3.27275576	2.81286895	2.5035018	2.64019903
0.802239483	0.736859361	0.984444415	1.37222531	1.72297697	1.9941052	2.18514408	2.22645368	2.3633843	2.57728189	2.47878995	2.49213388	2.19244216	2.56249571	10.5139627	21.9072362	31.3711176	38.170894	42.9158057	46.3471506	48.4292223	49.1026086	48.5628109	46.1460723	40.856426	34.0910998	25.6972264	19.4133472	15.0461872	11.572739	9.07048491	7.9386704	6.79510586	5.40310702	4.34102444	3.50492285	2.88704614	3.31698217	2.78432026	2.44225177	2.55597948
0.73249187	0.633445117	0.832378204	1.17993541	1.52109749	1.77031694	1.99947424	2.0398024	2.13049897	2.33927999	2.24929059	2.3048929	2.03512651	2.41378431	10.4664038	21.9388249	31.440831	38.2404327	42.9628445	46.3520977	48.3770017	49.02661	48.477426	46.0659858	40.7935016	34.0526943	25.5857576	19.2514044	14.8998104	11.4502421	8.88356198	7.83197094	6.74826991	5.38556989	4.3337889	3.49708083	2.92151875	3.37115924	2.77429787	2.4026943	2.48193621
0.661263997	0.527603395	0.679290222	0.980758517	1.30701254	1.53939793	1.80603885	1.84383055	1.88463983	2.07893236	1.99432655	2.08938433	1.85865758	2.24705955	10.3836939	21.9222668	31.453304	38.253687	42.958231	46.3084382	48.2796401	48.9086895	48.3593446	45.9570359	40.7054089	33.981765	25.4458462	19.0629067	14.7257032	11.2970081	8.66695037	7.70672559	6.6916619	5.36684275	4.32874561	3.50108876	2.97287839	3.43321447	2.78103211	2.38212169	2.41577333
0.588367165	0.421583496	0.529131326	0.778562133	1.08564915	1.30731779	1.60850397	1.64226877	1.62916955	1.79940634	1.71751614	1.84891899	1.6660369	2.06552852	10.2665719	21.8570544	31.4071863	38.2081411	42.8985812	46.2124322	48.1340718	48.7449508	48.202531	45.810648	40.5793189	33.8668271	25.2708246	18.8453129	14.5222756	11.1109446	8.42131772	7.56261853	6.62145413	5.34138284	4.31998229	3.51321111	3.03556951	3.49855335	2.79996711	2.37539972	2.35358969
0.514239504	0.368468706	0.42240211	0.603982365	0.881653165	1.0930836	1.41920169	1.44474722	1.37187244	1.50741864	1.42507697	1.58849144	1.46049399	1.87263074	10.1173078	21.7448859	31.3040318	38.104296	42.7834043	46.0633258	47.9399391	48.5341652	48.0033829	45.6208532	40.4061732	33.6998098	25.0564117	18.5976724	14.2896102	10.8918595	8.14840167	7.39968841	6.53414375	5.3033785	4.30058981	3.52717611	3.10093547	3.56027463	2.824296	2.37564801	2.29043025
0.439957142	0.315243068	0.323364261	0.433445693	0.680991837	0.886800717	1.22953917	1.24580744	1.10990306	1.20228273	1.11801298	1.30922185	1.2417422	1.66898633	9.93712307	21.587552	31.1463428	37.9440949	42.6139207	45.8623477	47.6987527	48.27708	47.7604481	45.3842784	40.1807316	33.4762782	24.8008032	18.3206463	14.0293939	10.6415163	7.85104278	7.21851339	6.42708268	5.24756402	4.26381546	3.53483618	3.15859367	3.61024816	2.84621118	2.37535499	2.22115238
0.367154675	0.26307782	0.234395951	0.270805955	0.489080456	0.691576829	1.04048355	1.04696383	0.845625581	0.887168752	0.800288124	1.01433264	1.01072819	1.4555527	9.72811323	21.3880955	30.938092	37.7311788	42.3931998	45.6126625	47.4137421	47.9762329	47.4743677	45.1001237	39.9012982	33.1952541	24.5045708	18.0164227	13.7446789	10.3634914	7.53320537	7.02056646	6.29912816	5.17011359	4.2042329	3.52747362	3.19828059	3.64066194	2.85838466	2.36755378	2.14132402
0.297833464	0.213407003	0.156864617	0.118938106	0.310107115	0.509188754	0.852628548	0.849686118	0.608826707	0.585041535	0.490372882	0.717558413	0.77614729	1.23821934	9.49628248	21.1527871	30.685924	37.4716252	42.1266009	45.3195507	47.0898733	47.6358888	47.1477627	44.7699532	39.5691645	32.8586844	24.1703407	17.6884903	13.439509	10.0628402	7.21034006	6.81605926	6.15656048	5.0731768	4.12136851	3.49934962	3.21300838	3.6464819	2.85585492	2.34720923	2.04823675
0.234040269	0.16769718	0.12016028	0.0860986032	0.223015659	0.395005938	0.705696222	0.683601312	0.489821744	0.362519152	0.259756323	0.470835128	0.574598412	1.04234251	9.26177489	20.8982554	30.4040865	37.1773082	41.824007	44.9918421	46.7347471	47.2625806	46.785444	44.3976358	39.1881339	32.47088	23.8023964	17.3413598	13.1185625	9.74567824	6.9830836	6.6771098	6.05133125	4.99240451	4.0396176	3.46303127	3.21024436	3.63350053	2.84165843	2.31524934	1.94373761
0.177439919	0.127141258	0.0911006921	0.0652764983	0.151660219	0.293580114	0.560679445	0.521749369	0.373849759	0.267875058	0.191940866	0.334940273	0.449586806	0.89790155	9.04810593	20.6435672	30.1085756	36.8614672	41.4963949	44.6392266	46.3565142	46.8634614	46.3930055	43.9881011	38.7632493	32.0373635	23.4057633	16.9798933	12.7866215	9.4185598	6.748693	6.53115322	5.93304125	4.89085943	3.93225434	3.3957522	3.1733107	3.59052226	2.80660629	2.26405728	1.82366881
0.128877452	0.0923447294	0.06616789	0.0474113649	0.0892988253	0.19952159	0.414905271	0.362657821	0.259855684	0.186194734	0.133414357	0.201014098	0.323433026	0.747949833	8.8164637	20.3629628	29.7830765	36.5140437	41.137878	44.2591035	45.9542688	46.4392291	45.9715393	43.5433418	38.2976381	31.5624051	22.9842957	16.6078581	12.4475821	9.08747111	6.51145759	6.38326989	5.80810531	4.77294805	3.80296108	3.2982265	3.10315058	3.51901382	2.75023597	2.19246225	1.68835665
0.0880901399	0.0631193434	0.0452269858	0.0324065514	0.0350169134	0.111779791	0.268989799	0.206389288	0.147884387	0.105963794	0.0759263759	0.0644032207	0.193174939	0.58918974	8.56635699	20.057824	29.4303546	36.138287	40.7517048	43.8549367	45.5310342	45.9932376	45.5240173	43.0668268	37.7954848	31.0510259	22.5420005	16.2287177	12.1050853	8.75795708	6.27535046	6.23887065	5.68404027	4.64435091	3.65691983	3.17392615	3.00307014	3.42190684	2.67264331	2.09987132	1.53816408
0.0537233869	0.0384944888	0.0275825065	0.0197637295	0.014161331	0.0480878484	0.1369208	0.0981080402	0.0702974826	0.0503703473	0.036091931	0.0258609986	0.131178634	0.472567158	8.33598603	19.756855	29.0722679	35.7506547	40.3500874	43.4359624	45.0934614	45.5311445	45.0549862	42.5631867	37.2617116	30.5087347	22.0828501	15.8452871	11.7622568	8.4346043	6.04365807	6.10278052	5.56828023	4.51102112	3.49985526	3.028088	2.87772516	3.30273169	2.57394773	1.98589073	1.42295289
0.0236842311	0.0169704932	0.0121598897	0.00871294171	0.00624309554	0.00447337343	0.016879271	0.0120945262	0.0086661067	0.00620953679	0.00444932754	0.00318808249	0.0784639704	0.355295839	8.09618318	19.4400778	28.6952867	35.3418035	39.9263074	42.9972028	44.637546	45.0506406	44.5632369	42.0329214	36.6981658	29.9388397	21.6089684	15.4835025	11.4385951	8.19611153	5.87277054	6.01703729	5.49452534	4.39793365	3.35124008	2.87670711	2.73943346	3.17015912	2.45784254	1.85289274	1.32765567
0	0	0	0	0	0	0	0	0	0	0	0	0.0370695393	0.238416611	7.84861954	19.1088984	28.300418	34.9121392	39.4800038	42.5374012	44.1612893	44.5502347	44.0478107	41.4763412	36.106114	29.3439588	21.1214964	15.1342135	11.1276611	7.97331759	5.7131317	5.94597979	5.43923637	4.28881322	3.20057584	2.71436366	2.58477518	3.02100304	2.31946082	1.69699056	1.21594687
0	0	0	0	0	0	0	0	0	0	0	0	0	0.115228598	7.58745688	18.7573011	27.8812846	34.4548619	39.0038045	42.0482801	43.6558142	44.0215911	43.5011433	40.8872369	35.4803272	28.7204079	20.6152201	14.7714507	10.8085116	7.74463698	5.54927489	5.87494915	5.39030668	4.17390004	3.04009086	2.53583232	2.40871542	2.84905659	2.15065972	1.54101503	1.10418552
0	0	0	0	0	0	0	0	0	0	0	0	0	0.009783376	7.33051815	18.3978275	27.4464304	33.9756329	38.5011131	41.5310669	43.1209532	43.4643469	42.9232306	40.2665583	34.8224531	28.071279	20.1139503	14.4122752	10.4920469	7.5178801	5.38679648	5.80472352	5.34643904	4.0530712	2.90415242	2.36761488	2.23076442	2.66745566	1.95983378	1.40428227	1.00621221
0	0	0	0	0	0	0	0	0	0	0	0	0	0	7.13450456	18.0711584	27.0248901	33.495229	37.9866646	40.9956278	42.5633201	42.8833541	42.3181922	39.6184942	34.136795	27.4018397	19.6342761	14.0685736	10.1852145	7.29802507	5.22926347	5.73411379	5.30363548	3.92477512	2.81222426	2.2255466	2.06315116	2.48446998	1.78020053	1.27556942	0.913985429
0	0	0	0	0	0	0	0	0	0	0	0	0	0	6.93877524	17.7339065	26.5855135	32.9914029	37.444518	40.4300698	41.9741829	42.2724405	41.6822108	38.9414137	33.4234517	26.7140329	19.141441	13.7154418	9.86836039	7.07098921	5.06658516	5.65194201	5.24986594	3.78185805	2.70981971	2.0721277	1.87984579	2.28094969	1.63437187	1.17107862	0.839114499
0	0	0	0	0	0	0	0	0	0	0	0	0	0	6.73735614	17.3819326	26.1253678	32.4622148	36.8734057	39.8332281	41.3526855	41.6309899	41.0153463	38.2362627	32.6843111	26.0105639	18.6373835	13.3542688	9.56875173	6.85631021	4.91276094	5.56463934	5.18567472	3.7156983	2.66241417	1.95551442	1.71613571	2.08170326	1.49160556	1.06878209	0.765815831
0	0	0	0	0	0	0	0	0	0	0	0	0	0	6.53155381	17.0164437	25.6454659	31.9086273	36.2742424	39.20569	40.6993505	40.9592522	40.3181447	37.5040866	31.9212691	25.2935441	18.1236163	12.9861385	9.30497485	6.66730583	4.77733338	5.47610847	5.11035511	3.66172945	2.6237438	1.87999458	1.57585228	1.88908907	1.35359147	0.96989067	0.694957033
0	0	0	0	0	0	0	0	0	0	0	0	0	0	6.32306744	16.6390957	25.147271	31.3320107	35.6483551	38.5485218	40.0151376	40.2576989	39.5911962	36.7457194	31.136033	24.5644503	17.6011978	12.6118093	9.03675627	6.47511881	4.63962537	5.36934792	5.00905157	3.58914229	2.57173283	1.84272709	1.45774869	1.70198715	1.21952708	0.873829338	0.626126081
0	0	0	0	0	0	0	0	0	0	0	0	0	0	6.11407638	16.252084	24.6327781	30.7342467	34.9976233	37.8634015	39.3015616	39.5272067	38.8353336	35.9619981	30.3303375	23.8245222	17.0710161	12.2319175	8.7645519	6.28007586	4.49987099	5.24302113	4.87896269	3.49592953	2.50494297	1.79487007	1.3276668	1.49589386	1.07185479	0.768017515	0.550308597
0	0	0	0	0	0	0	0	0	0	0	0	0	0	5.90724556	15.8581619	24.1045495	30.1178271	34.3246589	37.1528133	38.5609043	38.7693453	38.0519296	35.1540999	29.5062639	23.0752713	16.5341544	11.8472393	8.4889179	6.08257547	4.35835577	5.09639036	4.71841795	3.3808942	2.42251655	1.73580896	1.24376147	1.31264462	0.940550967	0.673934217	0.482894968
0	0	0	0	0	0	0	0	0	0	0	0	0	0	5.70558484	15.4605376	23.5656629	29.4859069	33.6329794	36.4202639	37.7964674	37.9866961	37.2432127	34.3239107	28.6665609	22.3189253	15.9922088	11.4589183	8.21067377	5.88320484	4.21550047	4.92927672	4.52671241	3.24353118	2.32409165	1.66528443	1.19322844	1.14340015	0.81928201	0.587041213	0.420633409
0	0	0	0	0	0	0	0	0	0	0	0	0	0	5.5121055	15.0625984	23.0195302	28.8422644	32.9271215	35.6704685	37.0128173	37.183138	36.4125344	33.4743335	27.8148647	21.5586779	15.4474678	11.0685943	7.93099439	5.68280581	4.07190829	4.74203654	4.30399989	3.08395068	2.20974723	1.58335308	1.13452205	0.95888681	0.687072423	0.492308904	0.352754744
0	0	0	0	0	0	0	0	0	0	0	0	0	0	5.32927089	14.6674548	22.4695732	28.1911363	32.2126332	34.9094466	36.215961	36.3640513	35.5645435	32.6094811	26.9557655	20.7987095	14.9029265	10.6784135	7.65141761	5.48248029	3.92836879	4.53553649	4.05123253	2.90283495	2.07997213	1.49036516	1.0678933	0.765178986	0.548274701	0.39285599	0.281493618
0	0	0	0	0	0	0	0	0	0	0	0	0	0	5.15834932	14.277378	21.9187995	27.5369249	31.4958697	34.1444328	35.4133617	35.5363701	34.7052172	31.734709	26.0947116	20.0440135	14.3621633	10.2909397	7.37378048	5.28354459	3.78582513	4.31110756	3.7701076	2.70140014	1.93563778	1.38694508	0.993789574	0.712081346	0.51022858	0.365594753	0.261960088
0	0	0	0	0	0	0	0	0	0	0	0	0	0	4.99890202	13.8933089	21.3693948	26.8838048	30.7835082	33.3834675	34.6136459	34.7083606	33.8416689	30.8564362	25.2377693	19.3000895	13.8291184	9.90899635	7.10010614	5.08744836	3.64531604	4.07046815	3.46298865	2.4813398	1.77795766	1.27396233	0.912833898	0.654074069	0.46866455	0.335812824	0.240620403
0	0	0	0	0	0	0	0	0	0	0	0	0	0	4.84867238	13.5146496	20.822472	26.2352782	30.0817257	32.6345274	33.8258212	33.8889651	32.9816233	29.9816759	24.3912414	18.5725435	13.3078089	9.53546176	6.83245691	4.8956693	3.50790034	3.81561648	3.13278241	2.24473668	1.60842412	1.15248624	0.825792477	0.591706166	0.423975994	0.303792075	0.217676534
0	0	0	0	0	0	0	0	0	0	0	0	0	0	4.70400033	13.1394542	20.2780627	25.5937409	29.3951086	31.9041918	33.0579331	33.0866148	32.1324966	29.1172358	23.5611345	17.8666171	12.8019905	9.17302706	6.5727611	4.70958913	3.37456807	3.54869872	2.78276563	1.9939387	1.42871951	1.02372226	0.733529055	0.525596535	0.376606374	0.269850259	0.19335616
0	0	0	0	0	0	0	0	0	0	0	0	0	0	4.56062998	12.7649545	19.735331	24.9601404	28.7255925	31.1961422	32.315382	32.3076677	31.300203	28.2686876	22.7525282	17.1866868	12.3147992	8.82393923	6.32262874	4.53036146	3.24614583	3.27186657	2.41636915	1.73140415	1.24060529	0.888932533	0.636947993	0.45639318	0.327020003	0.234320072	0.167897668
0	0	0	0	0	0	0	0	0	0	0	0	0	0	4.41459809	12.3882174	19.19292	24.3338648	28.0719155	30.5101087	31.5995011	31.5549613	30.4880544	27.439416	21.9690178	16.5358429	11.8484492	8.48978483	6.08319665	4.35880087	3.1232173	2.9871493	2.140386	1.53365359	1.09891081	0.787404006	0.564199625	0.404266696	0.289669746	0.207557443	0.148721406
0	0	0	0	0	0	0	0	0	0	0	0	0	0	4.26290724	12.0067305	18.6493523	23.7130005	27.4299707	29.8418725	30.9071002	30.8271232	29.6962345	26.6301626	21.2124762	15.9156986	11.4040964	8.17139212	5.85505831	4.1953326	3.00608717	2.6963726	1.93203539	1.38436385	0.991940045	0.7107561	0.509279	0.364914349	0.261472557	0.187353274	0.134244487
0	0	0	0	0	0	0	0	0	0	0	0	0	0	4.10384575	11.6188056	18.1034433	23.0949831	26.7940194	29.1844529	30.2313003	30.119021	28.922134	25.839318	20.4832654	15.3265078	10.9819227	7.86889146	5.63830711	4.04002358	2.89480339	2.40114873	1.72049825	1.23279086	0.883333253	0.632935934	0.453518414	0.324960144	0.232844118	0.166840101	0.119546156
0	0	0	0	0	0	0	0	0	0	0	0	0	0	3.93697453	11.2237806	17.5546886	22.4774648	26.1582815	28.5299889	29.5633299	29.4231883	28.1614287	25.0638693	19.7807703	14.7675037	10.5813788	7.58188923	5.43266102	3.89267172	2.78922117	2.10293925	1.50682181	1.07968501	0.773628115	0.554328767	0.397193918	0.284601879	0.203926157	0.146119477	0.10469918
0	0	0	0	0	0	0	0	0	0	0	0	0	0	3.76288102	10.8220544	17.0035622	21.8591038	25.5183003	27.8715451	28.8945381	28.7316439	27.4094589	24.3005966	19.1039347	14.2372415	10.2014293	7.3096435	5.23758844	3.75289611	2.68906757	1.92680111	1.38061332	0.989252673	0.708830515	0.507899258	0.363925721	0.260764174	0.186845695	0.133880791	0.0959297785
0	0	0	0	0	0	0	0	0	0	0	0	0	0	3.58281194	10.4149994	16.4516505	21.2400162	24.8716921	27.2042738	28.2179446	28.037468	26.6624161	23.5470491	18.4515079	13.7337314	9.84064858	7.05113283	5.05235745	3.6201723	2.5939668	1.85865843	1.33178696	0.954267058	0.683762226	0.489937044	0.351055232	0.251542066	0.180237766	0.129146003	0.0925371545
0	0	0	0	0	0	0	0	0	0	0	0	0	0	3.39828048	10.0047978	15.9015745	20.621777	24.2182123	26.5257695	27.5290063	27.3357424	25.9180061	22.8019766	17.8219136	13.2542923	9.49711541	6.80498055	4.87598163	3.49379351	2.50341244	1.7937734	1.2852948	0.920953971	0.659892355	0.472833534	0.338800032	0.242760831	0.173945736	0.124637566	0.0893067188
0	0	0	0	0	0	0	0	0	0	0	0	0	0	3.21072022	9.59423113	15.3566956	20.0070102	23.5592828	25.8357563	26.8256397	26.6237734	25.1754967	22.0651566	17.2128941	12.7952293	9.1681824	6.56928975	4.7071018	3.37278582	2.41670664	1.73164598	1.24077856	0.889056689	0.637036955	0.456456924	0.327065678	0.234352799	0.167921118	0.120320739	0.0862135767
0	0	0	0	0	0	0	0	0	0	0	0	0	0	3.02122941	9.18641937	14.8206336	19.3987024	22.8972085	25.135375	26.1077261	25.900746	24.4352693	21.3368022	16.6211864	12.3515618	8.85028073	6.34150325	4.54388564	3.25583633	2.33290867	1.67160211	1.19775525	0.858229139	0.61494805	0.440629532	0.315724856	0.226226745	0.162098546	0.116148684	0.0832241685
0	0	0	0	0	0	0	0	0	0	0	0	0	0	2.83041781	8.78446589	14.2966429	18.7994082	22.2343039	24.4263296	25.3763732	25.1670641	23.6981177	20.616875	16.0424353	11.9170083	8.53890959	6.11839608	4.38402236	3.14128929	2.25083213	1.6127917	1.15561575	0.828034866	0.593312908	0.425127275	0.304617004	0.218267621	0.156395584	0.112062333	0.0802961704
0	0	0	0	0	0	0	0	0	0	0	0	0	0	2.63834953	8.39096412	13.7869134	18.2105095	21.5721109	23.7101003	24.6331551	24.4236301	22.9645553	19.9045939	15.4713945	11.4843111	8.22886847	5.89624191	4.22484194	3.02723153	2.16910618	1.55423249	1.11365625	0.797969569	0.571770181	0.409691237	0.293556599	0.210342495	0.150716983	0.107993438	0.0773806794
0	0	0	0	0	0	0	0	0	0	0	0	0	0	2.44457598	8.00740376	13.2919126	17.6316702	20.9108472	22.9873699	23.8794845	23.6712462	22.2343177	19.1982716	14.9023264	11.0458249	7.91467942	5.67111562	4.0635319	2.91164784	2.08628684	1.49488985	1.07113538	0.767502038	0.549939241	0.394048685	0.282348221	0.202311341	0.14496241	0.103870106	0.074426183
0	0	0	0	0	0	0	0	0	0	0	0	0	0	2.24825718	7.63364952	12.8099593	17.0606177	20.2491866	22.2577533	23.1162097	22.9102403	21.5061355	18.4954377	14.3294703	10.5942083	7.59108193	5.43924788	3.89739141	2.79260298	2.00098747	1.43377018	1.02734122	0.736122153	0.527454571	0.377937715	0.270804206	0.194039693	0.139035515	0.0996233001	0.0713832138
0	0	0	0	0	0	0	0	0	0	0	0	0	0	2.04835582	7.26774575	12.3372357	16.4933432	19.5844248	21.5198688	22.3434807	22.140346	20.7777776	17.7931337	13.7474788	10.1230554	7.25348614	5.19734993	3.72406396	2.66840843	1.91199819	1.37000657	0.981652602	0.703384825	0.503997251	0.36112981	0.258760816	0.185410227	0.132852233	0.0951927845	0.0682086107
0	0	0	0	0	0	0	0	0	0	0	0	0	0	1.84386124	6.90621404	11.8683379	15.9247233	18.9130039	20.7717132	21.5608785	21.3608165	20.0463244	17.0882646	13.1517767	9.627362	6.89830631	4.94285246	3.54170855	2.53774507	1.8183738	1.30292176	0.933584239	0.668942338	0.47931813	0.343446448	0.246090133	0.176331286	0.126346887	0.0905315008	0.0648686549
0	0	0	0	0	0	0	0	0	0	0	0	0	0	1.63398777	6.54478257	11.3972415	15.3494212	18.2312581	20.0112236	20.7677367	20.5707077	19.3086	16.3779222	12.5388084	9.10376243	6.52313083	4.67402748	3.34908704	2.39972572	1.71947862	1.23206027	0.882809758	0.632560833	0.453249643	0.32476756	0.232706126	0.166741225	0.119475309	0.0856077995	0.0613406688
0	0	0	0	0	0	0	0	0	0	0	0	0	0	1.41831109	6.17928682	10.9183925	14.7628287	17.5361803	19.2368615	19.9635458	19.7692429	18.5616613	15.6596144	11.9061464	8.55052071	6.12671581	4.38998371	3.14556078	2.25389279	1.61498475	1.15718714	0.829160819	0.594119689	0.425705359	0.305031219	0.218564419	0.15660825	0.112214714	0.0804053563	0.0576129554
0	0	0	0	0	0	0	0	0	0	0	0	0	0	1.19684315	5.80645901	10.427631	14.1618315	16.8260348	18.448084	19.1483385	18.9561823	17.8032483	14.9313864	11.2524623	8.06274156	5.77720678	4.13954955	2.96611686	2.1253156	1.52285517	1.09117341	0.781859916	0.56022711	0.401420265	0.287630189	0.206096036	0.147674263	0.105813233	0.0758184946	0.0543263253
0	0	0	0	0	0	0	0	0	0	0	0	0	0	0.970073214	5.42445635	9.92280348	13.5453127	16.1007566	17.6456574	18.3230124	18.1321548	17.0321544	14.1918979	10.577433	7.57906191	5.43063516	3.89122013	2.78818106	1.99781903	1.43149989	1.02571449	0.734956548	0.526619379	0.377339273	0.270375404	0.193732443	0.138815361	0.0994655526	0.0712701828	0.0510673175
0	0	0	0	0	0	0	0	0	0	0	0	0	0	0.739002075	5.03313296	9.40408807	12.9144355	15.3621862	16.8318619	17.4896038	17.2989491	16.2485247	13.4405705	9.8816877	7.08053864	5.07342763	3.63526975	2.6047846	1.86640972	1.337341	0.958246702	0.686613765	0.491980261	0.352519261	0.252591088	0.180989424	0.129684589	0.0929230684	0.066582288	0.0477082941
0	0	0	0	0	0	0	0	0	0	0	0	0	0	0.505175311	4.63413439	8.87412602	12.2727986	14.6142371	16.0106647	16.6515332	16.4597488	15.4540924	12.677866	9.16685354	6.56833758	4.70641953	3.37229696	2.41635636	1.73139499	1.24059872	0.888927827	0.636944621	0.456390764	0.327018272	0.234318831	0.167896779	0.120303299	0.0862010806	0.0617657733	0.0442571105
0	0	0	0	0	0	0	0	0	0	0	0	0	0	0.270695091	4.23087345	8.33801157	11.6264919	13.8630318	15.1878787	15.8137791	15.6192417	14.6522905	11.9056095	8.530742	6.11254374	4.37982898	3.1382846	2.24867918	1.61124904	1.15451038	0.827242839	0.592745396	0.424720635	0.304325633	0.218058845	0.15624599	0.111955144	0.080219366	0.0574796875	0.0411859958
0	0	0	0	0	0	0	0	0	0	0	0	0	0	0.0381696778	3.82836887	7.80307729	10.9839457	13.1168983	14.3711856	14.9828281	14.7834516	13.8480885	11.1271217	7.97293111	5.71285478	4.09343932	2.93307744	2.10164182	1.50589217	1.07901889	0.773150819	0.55398677	0.396948866	0.284426291	0.203800343	0.146029327	0.104634585	0.0749739564	0.0537211872	0.0384929127
0	0	0	0	0	0	0	0	0	0	0	0	0	0	0	3.56859319	7.37556446	10.4250166	12.4358949	13.6055342	14.191804	13.9774721	13.0605284	10.3563117	7.42062157	5.3171077	3.80987415	2.72989411	1.95605461	1.40157437	1.00427192	0.719592276	0.515610397	0.369450993	0.264723204	0.189682465	0.135913425	0.0973862245	0.0697802791	0.0499997548	0.0358263898
0	0	0	0	0	0	0	0	0	0	0	0	0	0	0	3.34416717	6.98319613	9.90170741	11.7888185	12.8704106	13.4264855	13.1920767	12.284154	9.58991792	6.87147646	4.92362803	3.52793365	2.52787492	1.81130153	1.29785426	0.929953213	0.666340594	0.477453899	0.342110668	0.245133005	0.175645474	0.125855481	0.0901793931	0.0646163587	0.0462996442	0.0331751447
0	0	0	0	0	0	0	0	0	0	0	0	0	0	0	3.13185545	6.61319904	9.40787896	11.1742751	12.1661362	12.6867532	12.4273633	11.5198713	8.82928284	6.32645761	4.53310496	3.24811164	2.32737369	1.66763612	1.19491349	0.856192932	0.613489044	0.439584109	0.314975777	0.225690007	0.161713956	0.115873113	0.0830267135	0.0594912398	0.042627336	0.030543821
0	0	0	0	0	0	0	0	0	0	0	0	0	0	0	2.93434111	6.26955241	8.94763326	10.5972082	11.4965403	11.9739539	11.6834595	10.7679009	8.07486977	5.78589702	4.14577637	2.97057858	2.12851256	1.5251459	1.09281479	0.783036012	0.56106982	0.402024093	0.288062851	0.206406052	0.147896399	0.1059724	0.075932543	0.0544080445	0.0389850675	0.0279340215
0	0	0	0	0	0	0	0	0	0	0	0	0	0	0	2.75202025	5.95205617	8.51960915	10.0568254	10.8599713	11.2845395	10.955983	10.0243141	7.32344022	5.24747422	3.75997958	2.69414309	1.93043788	1.38321919	0.991119856	0.710168409	0.508857901	0.364612619	0.261256358	0.18719836	0.134133486	0.0961108428	0.0688664282	0.049344952	0.0353572031	0.0253345431
0	0	0	0	0	0	0	0	0	0	0	0	0	0	0	2.58267868	5.65603975	8.11675744	9.5460352	10.2489171	10.6101658	10.2363993	9.28135509	6.65038153	4.76520659	3.41441972	2.44653864	1.75302154	1.25609482	0.900031268	0.644900584	0.462091461	0.331103	0.237245666	0.169993948	0.121805987	0.0872778032	0.0625372787	0.0448099183	0.0321077095	0.0230061791
0	0	0	0	0	0	0	0	0	0	0	0	0	0	0	2.42186018	5.37326222	7.72773038	9.05272272	9.65132697	9.93914768	9.51350913	8.52882606	6.11117091	4.3788453	3.13757976	2.24817414	1.61088716	1.15425109	0.827057046	0.592612269	0.424625246	0.304257284	0.21800987	0.156210898	0.11193	0.0802013493	0.0574667779	0.0411767457	0.0295044276	0.0211408462
0	0	0	0	0	0	0	0	0	0	0	0	0	0	0	2.26374661	5.09356277	7.33921622	8.56226409	9.0530314	9.25864548	8.77545887	7.75596371	5.55739084	3.98204454	2.8532596	2.04444984	1.46491232	1.04965555	0.752111064	0.538911126	0.386146696	0.276686198	0.198254324	0.142055431	0.101787164	0.0729336899	0.0522592724	0.037445405	0.0268308051	0.0192251119
0	0	0	0	0	0	0	0	0	0	0	0	0	0	0	2.10217925	4.8065833	6.93823033	8.06015817	8.4402097	8.55670571	8.01151898	6.95310419	4.98211686	3.56984272	2.55790409	1.83281837	1.31327175	0.941000326	0.674256197	0.483125676	0.346174674	0.248044993	0.177732004	0.127350546	0.0912506533	0.0653839502	0.0468496475	0.0335692394	0.0240534111	0.0172350222
0	0	0	0	0	0	0	0	0	0	0	0	0	0	0	1.93150581	4.50307894	6.51370104	7.53391549	7.80112096	7.82357686	7.21317298	6.11270306	4.37994313	3.13836639	2.24873778	1.61129103	1.15454047	0.8272644	0.592760844	0.424731705	0.304333565	0.218064528	0.156250062	0.111958062	0.0802214568	0.0574811856	0.0411870692	0.0295118247	0.0211461464	0.015151876
0	0	0	0	0	0	0	0	0	0	0	0	0	0	0	1.74711566	4.1756708	6.05721862	6.97396508	7.12689477	7.05220969	6.37447684	5.22966558	3.74721914	2.68499984	1.92388645	1.37852488	0.98775624	0.707758273	0.507130963	0.363375214	0.260369718	0.186563055	0.133678271	0.0957846664	0.0686327125	0.0491774875	0.0352372095	0.0252485639	0.0180913866	0.012963045
0	0	0	0	0	0	0	0	0	0	0	0	0	0	0	1.54567183	3.81911852	5.56314449	6.37379068	6.4115965	6.23817095	5.491909	4.30118833	3.08193611	2.20830372	1.58231876	1.13378093	0.812389539	0.582102541	0.417094697	0.29886141	0.214143558	0.153440564	0.109944968	0.0787790123	0.0564476289	0.0404464935	0.028981179	0.0207659222	0.0148794334	0.0106615799
0	0	0	0	0	0	0	0	0	0	0	0	0	0	0	1.32511185	3.43025578	5.02834449	5.72962741	5.65189109	5.37925995	4.56397161	3.3263587	2.38344016	1.7078095	1.22369898	0.876818634	0.628268005	0.450173697	0.322563549	0.231126883	0.165609648	0.118664498	0.0850268284	0.0609243848	0.0436542293	0.0312796221	0.0224128286	0.0160594935	0.0115071299	0.00824521887
0	0	0	0	0	0	0	0	0	0	0	0	0	0	0	1.08449916	3.00771909	4.45174564	5.03997279	4.84655094	4.47503307	3.59072538	2.57286716	1.84353988	1.32095404	0.946504933	0.67820042	0.485951836	0.348199706	0.249495992	0.17877169	0.128095513	0.0917844459	0.0657664293	0.0471237058	0.0337656107	0.0241941173	0.0173358426	0.012421674	0.00890051834	0.00637750007
0	0	0	0	0	0	0	0	0	0	0	0	0	0	0	0.823796456	2.5515725	3.83383991	4.30505516	3.99594237	3.52634066	2.57335054	1.84388623	1.32120222	0.946682758	0.678327837	0.486043134	0.348265124	0.249542866	0.178805277	0.128119579	0.0918016899	0.0657787852	0.0471325592	0.0337719544	0.0241986627	0.0173390995	0.0124240077	0.00890219053	0.00637869824	0.00457053701
